wavelength,left,right
900.0,0.000007627,0.000007236
901.0,0.000007627,0.000007297
902.0,0.000007627,0.000007401
903.0,0.000007627,0.000007546
904.0,0.000007627,0.000007709
905.0,0.000007627,0.000007884
906.0,0.000007627,0.000008049
907.0,0.000007627,0.000008189
908.0,0.000007627,0.000008298
909.0,0.000007627,0.000008369
910.0,0.000007627,0.000008383
911.0,0.000007627,0.000008362
912.0,0.000007627,0.000008308
913.0,0.000007627,0.000008232
914.0,0.000007627,0.000008141
915.0,0.000007627,0.000008060
916.0,0.000007627,0.000007986
917.0,0.000007627,0.000007939
918.0,0.000007627,0.000007919
919.0,0.000007627,0.000007921
920.0,0.000007627,0.000007952
921.0,0.000007627,0.000008003
922.0,0.000007627,0.000008070
923.0,0.000007627,0.000008143
924.0,0.000007627,0.000008213
925.0,0.000007627,0.000008280
926.0,0.000007627,0.000008329
927.0,0.000007627,0.000008361
928.0,0.000007627,0.000008377
929.0,0.000007627,0.000008371
930.0,0.000007627,0.000008348
931.0,0.000007627,0.000008313
932.0,0.000007627,0.000008279
933.0,0.000007627,0.000008241
934.0,0.000007627,0.000008206
935.0,0.000007627,0.000008176
936.0,0.000007627,0.000008159
937.0,0.000007627,0.000008154
938.0,0.000007627,0.000008159
939.0,0.000007627,0.000008174
940.0,0.000007627,0.000008196
941.0,0.000007627,0.000008229
942.0,0.000007627,0.000008257
943.0,0.000007627,0.000008292
944.0,0.000007627,0.000008321
945.0,0.000007627,0.000008348
946.0,0.000007627,0.000008374
947.0,0.000007627,0.000008392
948.0,0.000007627,0.000008411
949.0,0.000007627,0.000008418
950.0,0.000007627,0.000008423
951.0,0.000007627,0.000008429
952.0,0.000007627,0.000008428
953.0,0.000007627,0.000008423
954.0,0.000007627,0.000008420
955.0,0.000007627,0.000008415
956.0,0.000007627,0.000008411
957.0,0.000007627,0.000008409
958.0,0.000007627,0.000008412
959.0,0.000007627,0.000008413
960.0,0.000007627,0.000008419
961.0,0.000007627,0.000008430
962.0,0.000007627,0.000008443
963.0,0.000007627,0.000008460
964.0,0.000007627,0.000008476
965.0,0.000007627,0.000008495
966.0,0.000007627,0.000008505
967.0,0.000007627,0.000008507
968.0,0.000007627,0.000008491
969.0,0.000007627,0.000008457
970.0,0.000007627,0.000008401
971.0,0.000007627,0.000008321
972.0,0.000007627,0.000008215
973.0,0.000007627,0.000008086
974.0,0.000007627,0.000007935
975.0,0.000007627,0.000007770
976.0,0.000007627,0.000007596
977.0,0.000007627,0.000007420
978.0,0.000007627,0.000007254
979.0,0.000007627,0.000007103
980.0,0.000007627,0.000006972
981.0,0.000007627,0.000006876
982.0,0.000007627,0.000006813
983.0,0.000007627,0.000006789
984.0,0.000007627,0.000006810
985.0,0.000007627,0.000006870
986.0,0.000007627,0.000006968
987.0,0.000007627,0.000007105
988.0,0.000007627,0.000007274
989.0,0.000007627,0.000007460
990.0,0.000007627,0.000007654
991.0,0.000007627,0.000007838
992.0,0.000007627,0.000008000
993.0,0.000007627,0.000008120
994.0,0.000007627,0.000008188
995.0,0.000007627,0.000008191
996.0,0.000007627,0.000008132
997.0,0.000007627,0.000008017
998.0,0.000007627,0.000007848
999.0,0.000007627,0.000007638
1000.0, 0.00000762, 0.000007408
1001.0, 0.00000762, 0.000007175
1002.0, 0.00000762, 0.000006950
1003.0, 0.00000762, 0.000006757
1004.0, 0.00000762, 0.000006596
1005.0, 0.00000762, 0.000006479
1006.0, 0.00000762, 0.000006410
1007.0, 0.00000762, 0.000006395
1008.0, 0.00000762, 0.000006431
1009.0, 0.00000762, 0.000006516
1010.0, 0.00000762, 0.000006651
1011.0, 0.00000762, 0.000006829
1012.0, 0.00000762, 0.000007042
1013.0, 0.00000762, 0.000007268
1014.0, 0.00000762, 0.000007507
1015.0, 0.00000762, 0.000007732
1016.0, 0.00000762, 0.000007933
1017.0, 0.00000762, 0.000008087
1018.0, 0.00000762, 0.000008185
1019.0, 0.00000762, 0.000008222
1020.0, 0.00000762, 0.000008194
1021.0, 0.00000762, 0.000008111
1022.0, 0.00000762, 0.000007980
1023.0, 0.00000762, 0.000007818
1024.0, 0.00000762, 0.000007642
1025.0, 0.00000762, 0.000007470
1026.0, 0.00000762, 0.000007314
1027.0, 0.00000762, 0.000007193
1028.0, 0.00000762, 0.000007119
1029.0, 0.00000762, 0.000007095
1030.0, 0.00000762, 0.000007120
1031.0, 0.00000762, 0.000007195
1032.0, 0.00000762, 0.000007318
1033.0, 0.00000762, 0.000007473
1034.0, 0.00000762, 0.000007654
1035.0, 0.00000762, 0.000007843
1036.0, 0.00000762, 0.000008016
1037.0, 0.00000762, 0.000008148
1038.0, 0.00000762, 0.000008225
1039.0, 0.00000762, 0.000008220
1040.0, 0.00000762, 0.000008132
1041.0, 0.00000762, 0.000007958
1042.0, 0.00000762, 0.000007697
1043.0, 0.00000762, 0.000007372
1044.0, 0.00000762, 0.000006998
1045.0, 0.00000762, 0.000006606
1046.0, 0.00000762, 0.000006208
1047.0, 0.00000762, 0.000005831
1048.0, 0.00000762, 0.000005482
1049.0, 0.00000762, 0.000005176
1050.0, 0.00000762, 0.000004913
1051.0, 0.00000762, 0.000004706
1052.0, 0.00000762, 0.000004547
1053.0, 0.00000762, 0.000004442
1054.0, 0.00000762, 0.000004385
1055.0, 0.00000762, 0.000004379
1056.0, 0.00000762, 0.000004424
1057.0, 0.00000762, 0.000004518
1058.0, 0.00000762, 0.000004661
1059.0, 0.00000762, 0.000004854
1060.0, 0.00000762, 0.000005094
1061.0, 0.00000762, 0.000005381
1062.0, 0.00000762, 0.000005713
1063.0, 0.00000762, 0.000006072
1064.0, 0.00000762, 0.000006454
1065.0, 0.00000762, 0.000006842
1066.0, 0.00000762, 0.000007213
1067.0, 0.00000762, 0.000007541
1068.0, 0.00000762, 0.000007817
1069.0, 0.00000762, 0.000008019
1070.0, 0.00000762, 0.000008135
1071.0, 0.00000762, 0.000008163
1072.0, 0.00000762, 0.000008113
1073.0, 0.00000762, 0.000007993
1074.0, 0.00000762, 0.000007824
1075.0, 0.00000762, 0.000007622
1076.0, 0.00000762, 0.000007407
1077.0, 0.00000762, 0.000007202
1078.0, 0.00000762, 0.000007015
1079.0, 0.00000762, 0.000006857
1080.0, 0.00000762, 0.000006737
1081.0, 0.00000762, 0.000006659
1082.0, 0.00000762, 0.000006623
1083.0, 0.00000762, 0.000006630
1084.0, 0.00000762, 0.000006677
1085.0, 0.00000762, 0.000006763
1086.0, 0.00000762, 0.000006884
1087.0, 0.00000762, 0.000007034
1088.0, 0.00000762, 0.000007208
1089.0, 0.00000762, 0.000007397
1090.0, 0.00000762, 0.000007593
1091.0, 0.00000762, 0.000007793
1092.0, 0.00000762, 0.000007986
1093.0, 0.00000762, 0.000008162
1094.0, 0.00000773, 0.000008314
1095.0, 0.00000789, 0.000008437
1096.0, 0.00000804, 0.000008531
1097.0, 0.00000819, 0.000008594
1098.0, 0.00000832, 0.000008627
1099.0, 0.00000845, 0.000008634
1100.0, 0.00000204, 0.000002063
1101.0, 0.00000303, 0.000003022
1102.0, 0.00000316, 0.000003112
1103.0, 0.00000095, 0.000000936
1104.0, 0.00000891, 0.000008690
1105.0, 0.00001172, 0.000011433
1106.0, 0.00000302, 0.000002966
1107.0, 0.00000889, 0.000008796
1108.0, 0.00001580, 0.000015817
1109.0, 0.00001540, 0.000015656
1110.0, 0.00001518, 0.000015697
1111.0, 0.00002060, 0.000021679
1112.0, 0.00002219, 0.000023737
1113.0, 0.00002758, 0.000029932
1114.0, 0.00003188, 0.000034991
1115.0, 0.00003270, 0.000036156
1116.0, 0.00003065, 0.000033959
1117.0, 0.00004133, 0.000045621
1118.0, 0.00004364, 0.000047716
1119.0, 0.00004675, 0.000050319
1120.0, 0.00005285, 0.000055717
1121.0, 0.00005172, 0.000053161
1122.0, 0.00004863, 0.000048553
1123.0, 0.00006032, 0.000058355
1124.0, 0.00005971, 0.000055951
1125.0, 0.00006016, 0.000054627
1126.0, 0.00006505, 0.000057369
1127.0, 0.00006645, 0.000057128
1128.0, 0.00005922, 0.000049897
1129.0, 0.00006070, 0.000050418
1130.0, 0.00005895, 0.000048608
1131.0, 0.00005595, 0.000046150
1132.0, 0.00004844, 0.000040271
1133.0, 0.00004829, 0.000040783
1134.0, 0.00004107, 0.000035481
1135.0, 0.00003482, 0.000030975
1136.0, 0.00002891, 0.000026643
1137.0, 0.00002086, 0.000020021
1138.0, 0.00002315, 0.000023213
1139.0, 0.00002256, 0.000023701
1140.0, 0.00001793, 0.000019762
1141.0, 0.00000912, 0.000010539
1142.0, 0.00001081, 0.000013092
1143.0, 0.00000472, 0.000005979
1144.0, 0.00000417, 0.000005499
1145.0, 0.00000123, 0.000001693
1146.0, 0.00000147, 0.000002083
1147.0, 0.00000567, 0.000008224
1148.0, 0.00000087, 0.000001298
1149.0, 0.00000188, 0.000002833
1150.0, 0.00000107, 0.000001623
1151.0, 0.00000336, 0.000005109
1152.0, 0.00000120, 0.000001828
1153.0, 0.00000104, 0.000001574
1154.0, 0.00000057, 0.000000846
1155.0, 0.00000106, 0.000001545
1156.0, 0.00000692, 0.000009838
1157.0, 0.00000107, 0.000001483
1158.0, 0.00000509, 0.000006835
1159.0, 0.00000097, 0.000001260
1160.0, 0.00000304, 0.000003817
1161.0, 0.00000394, 0.000004777
1162.0, 0.00000347, 0.000004065
1163.0, 0.00000550, 0.000006201
1164.0, 0.00000242, 0.000002644
1165.0, 0.00000223, 0.000002347
1166.0, 0.00000086, 0.000000880
1167.0, 0.00000077, 0.000000764
1168.0, 0.00000665, 0.000006410
1169.0, 0.00000570, 0.000005367
1170.0, 0.00000114, 0.000001054
1171.0, 0.00000081, 0.000000736
1172.0, 0.00000158, 0.000001418
1173.0, 0.00000242, 0.000002138
1174.0, 0.00000479, 0.000004214
1175.0, 0.00000497, 0.000004367
1176.0, 0.00000189, 0.000001665
1177.0, 0.00000088, 0.000000782
1178.0, 0.00000081, 0.000000736
1179.0, 0.00000157, 0.000001443
1180.0, 0.00000161, 0.000001513
1181.0, 0.00000233, 0.000002245
1182.0, 0.00000598, 0.000005953
1183.0, 0.00000113, 0.000001175
1184.0, 0.00000283, 0.000003047
1185.0, 0.00000087, 0.000000984
1186.0, 0.00000135, 0.000001597
1187.0, 0.00000198, 0.000002446
1188.0, 0.00000196, 0.000002522
1189.0, 0.00000713, 0.000009603
1190.0, 0.00000218, 0.000003059
1191.0, 0.00000119, 0.000001736
1192.0, 0.00000315, 0.000004732
1193.0, 0.00000071, 0.000001095
1194.0, 0.00000238, 0.000003759
1195.0, 0.00000513, 0.000008201
1196.0, 0.00000166, 0.000002679
1197.0, 0.00000093, 0.000001509
1198.0, 0.00000290, 0.000004679
1199.0, 0.00000099, 0.000001594
1200.0, 0.00000083, 0.000001309
1201.0, 0.00000157, 0.000002431
1202.0, 0.00000160, 0.000002434
1203.0, 0.00000048, 0.000000711
1204.0, 0.00000410, 0.000005897
1205.0, 0.00000105, 0.000001467
1206.0, 0.00000080, 0.000001091
1207.0, 0.00000311, 0.000004056
1208.0, 0.00000062, 0.000000784
1209.0, 0.00000083, 0.000001010
1210.0, 0.00000337, 0.000003944
1211.0, 0.00000369, 0.000004164
1212.0, 0.00000071, 0.000000777
1213.0, 0.00000237, 0.000002490
1214.0, 0.00000263, 0.000002672
1215.0, 0.00000122, 0.000001203
1216.0, 0.00000170, 0.000001625
1217.0, 0.00000069, 0.000000645
1218.0, 0.00000244, 0.000002211
1219.0, 0.00000081, 0.000000723
1220.0, 0.00000201, 0.000001764
1221.0, 0.00000288, 0.000002505
1222.0, 0.00000162, 0.000001407
1223.0, 0.00000227, 0.000001984
1224.0, 0.00000459, 0.000004044
1225.0, 0.00000258, 0.000002305
1226.0, 0.00000168, 0.000001528
1227.0, 0.00000162, 0.000001514
1228.0, 0.00000086, 0.000000825
1229.0, 0.00000305, 0.000002997
1230.0, 0.00000171, 0.000001721
1231.0, 0.00000157, 0.000001634
1232.0, 0.00000083, 0.000000882
1233.0, 0.00000076, 0.000000833
1234.0, 0.00000428, 0.000004774
1235.0, 0.00000380, 0.000004323
1236.0, 0.00000164, 0.000001895
1237.0, 0.00000696, 0.000008136
1238.0, 0.00000187, 0.000002216
1239.0, 0.00000350, 0.000004157
1240.0, 0.00000093, 0.000001110
1241.0, 0.00000074, 0.000000876
1242.0, 0.00000487, 0.000005736
1243.0, 0.00000314, 0.000003667
1244.0, 0.00000231, 0.000002662
1245.0, 0.00000086, 0.000000980
1246.0, 0.00000220, 0.000002445
1247.0, 0.00000307, 0.000003328
1248.0, 0.00000389, 0.000004112
1249.0, 0.00000176, 0.000001812
1250.0, 0.00000085, 0.000000855
1251.0, 0.00000080, 0.000000779
1252.0, 0.00000081, 0.000000758
1253.0, 0.00000081, 0.000000734
1254.0, 0.00000158, 0.000001376
1255.0, 0.00000239, 0.000002011
1256.0, 0.00000168, 0.000001371
1257.0, 0.00000237, 0.000001864
1258.0, 0.00000467, 0.000003543
1259.0, 0.00000108, 0.000000793
1260.0, 0.00000079, 0.000000565
1261.0, 0.00000299, 0.000002079
1262.0, 0.00000094, 0.000000639
1263.0, 0.00000149, 0.000000992
1264.0, 0.00000081, 0.000000533
1265.0, 0.00000075, 0.000000487
1266.0, 0.00000142, 0.000000927
1267.0, 0.00000144, 0.000000947
1268.0, 0.00000075, 0.000000500
1269.0, 0.00000321, 0.000002204
1270.0, 0.00000205, 0.000001467
1271.0, 0.00000245, 0.000001852
1272.0, 0.00000181, 0.000001462
1273.0, 0.00000476, 0.000004162
1274.0, 0.00000080, 0.000000771
1275.0, 0.00000047, 0.000000507
1276.0, 0.00000085, 0.000001014
1277.0, 0.00000043, 0.000000580
1278.0, 0.00000036, 0.000000563
1279.0, 0.00000033, 0.000000587
1280.0, 0.00000086, 0.000001756
1281.0, 0.00000056, 0.000001330
1282.0, 0.00000072, 0.000001963
1283.0, 0.00000025, 0.000000795
1284.0, 0.00000038, 0.000001408
1285.0, 0.00000036, 0.000001515
1286.0, 0.00000033, 0.000001567
1287.0, 0.00000058, 0.000003114
1288.0, 0.00000082, 0.000004842
1289.0, 0.00000017, 0.000001132
1290.0, 0.00000012, 0.000000848
1291.0, 0.00000011, 0.000000854
1292.0, 0.00000010, 0.000000856
1293.0, 0.00000028, 0.000002448
1294.0, 0.00000020, 0.000001761
1295.0, 0.00000027, 0.000002461
1296.0, 0.00000027, 0.000002486
1297.0, 0.00000010, 0.000000927
1298.0, 0.00000024, 0.000002296
1299.0, 0.00000033, 0.000003109
1300.0, 0.00000010, 0.000000939
1301.0, 0.00000024, 0.000002194
1302.0, 0.00000034, 0.000002986
1303.0, 0.00000010, 0.000000907
1304.0, 0.00000035, 0.000002836
1305.0, 0.00000084, 0.000006439
1306.0, 0.00000035, 0.000002544
1307.0, 0.00000063, 0.000004319
1308.0, 0.00000092, 0.000005897
1309.0, 0.00000042, 0.000002532
1310.0, 0.00000041, 0.000002290
1311.0, 0.00000046, 0.000002316
1312.0, 0.00000052, 0.000002344
1313.0, 0.00000151, 0.000006060
1314.0, 0.00000097, 0.000003433
1315.0, 0.00000080, 0.000002496
1316.0, 0.00000176, 0.000004765
1317.0, 0.00000543, 0.000012731
1318.0, 0.00000391, 0.000007973
1319.0, 0.00000604, 0.000010775
1320.0, 0.00000150, 0.000002364
1321.0, 0.00000177, 0.000002511
1322.0, 0.00000509, 0.000006581
1323.0, 0.00000705, 0.000008492
1324.0, 0.00000543, 0.000006215
1325.0, 0.00000542, 0.000006036
1326.0, 0.00000766, 0.000008440
1327.0, 0.00001135, 0.000012625
1328.0, 0.00000782, 0.000008907
1329.0, 0.00000932, 0.000010992
1330.0, 0.00001101, 0.000013552
1331.0, 0.00000817, 0.000010502
1332.0, 0.00000941, 0.000012593
1333.0, 0.00000976, 0.000013476
1334.0, 0.00000620, 0.000008725
1335.0, 0.00000856, 0.000012078
1336.0, 0.00001307, 0.000018128
1337.0, 0.00001301, 0.000017348
1338.0, 0.00001218, 0.000015291
1339.0, 0.00000906, 0.000010483
1340.0, 0.00001471, 0.000015435
1341.0, 0.00001397, 0.000013105
1342.0, 0.00001451, 0.000012082
1343.0, 0.00001512, 0.000011155
1344.0, 0.00001556, 0.000010218
1345.0, 0.00001575, 0.000009288
1346.0, 0.00001273, 0.000006837
1347.0, 0.00001497, 0.000007438
1348.0, 0.00001644, 0.000007703
1349.0, 0.00001483, 0.000006678
1350.0, 0.00001696, 0.000007468
1351.0, 0.00001554, 0.000006781
1352.0, 0.00001708, 0.000007505
1353.0, 0.00000964, 0.000004294
1354.0, 0.00000994, 0.000004517
1355.0, 0.00001052, 0.000004890
1356.0, 0.00000922, 0.000004378
1357.0, 0.00000812, 0.000003877
1358.0, 0.00001049, 0.000004939
1359.0, 0.00000848, 0.000003826
1360.0, 0.00000677, 0.000002820
1361.0, 0.00000905, 0.000003341
1362.0, 0.00001045, 0.000003291
1363.0, 0.00001311, 0.000003459
1364.0, 0.00001925, 0.000004281
1365.0, 0.00001665, 0.000003205
1366.0, 0.00002364, 0.000004087
1367.0, 0.00002507, 0.000004074
1368.0, 0.00002402, 0.000003853
1369.0, 0.00002266, 0.000003805
1370.0, 0.00002424, 0.000004512
1371.0, 0.00002045, 0.000004438
1372.0, 0.00001613, 0.000004331
1373.0, 0.00001627, 0.000005714
1374.0, 0.00001157, 0.000005582
1375.0, 0.00000873, 0.000006027
1376.0, 0.00000675, 0.000006924
1377.0, 0.00000466, 0.000007311
1378.0, 0.00000358, 0.000008833
1379.0, 0.00000271, 0.000010698
1380.0, 0.00000178, 0.000011289
1381.0, 0.00000131, 0.000013515
1382.0, 0.00000102, 0.000016879
1383.0, 0.00000071, 0.000018777
1384.0, 0.00000058, 0.000023938
1385.0, 0.00000047, 0.000029143
1386.0, 0.00000038, 0.000036843
1387.0, 0.00000031, 0.000044729
1388.0, 0.00000028, 0.000056816
1389.0, 0.00000024, 0.000071867
1390.0, 0.00000021, 0.000089370
1391.0, 0.00000019, 0.000113461
1392.0, 0.00000018, 0.000137732
1393.0, 0.00000017, 0.000168925
1394.0, 0.00000014, 0.000204455
1395.0, 0.00000013, 0.000235989
1396.0, 0.00000012, 0.000267443
1397.0, 0.00000010, 0.000304252
1398.0, 0.00000009, 0.000324563
1399.0, 0.00000008, 0.000340509
1400.0, 0.00000009, 0.000355750
1401.0, 0.00000013, 0.000360312
1402.0, 0.00000012, 0.000362380
1403.0, 0.00000010, 0.000367935
1404.0, 0.00000008, 0.000368013
1405.0, 0.00000006, 0.000375844
1406.0, 0.00000006, 0.000387187
1407.0, 0.00000009, 0.000401664
1408.0, 0.00000013, 0.000423886
1409.0, 0.00000011, 0.000451563
1410.0, 0.00000009, 0.000494382
1411.0, 0.00000012, 0.000548115
1412.0, 0.00000014, 0.000614429
1413.0, 0.00000011, 0.000693362
1414.0, 0.00000011, 0.000784307
1415.0, 0.00000013, 0.000888034
1416.0, 0.00000013, 0.000994850
1417.0, 0.00000009, 0.001100141
1418.0, 0.00000015, 0.001196862
1419.0, 0.00000029, 0.001264767
1420.0, 0.00000022, 0.001301748
1421.0, 0.00000009, 0.001307630
1422.0, 0.00000002, 0.001278375
1423.0, 0.00000002, 0.001214378
1424.0, 0.00000003, 0.001125388
1425.0, 0.00000002, 0.001031682
1426.0, 0.00000014, 0.000935068
1427.0, 0.00000015, 0.000850214
1428.0, 0.00000011, 0.000770840
1429.0, 0.00000005, 0.000706460
1430.0, 0.00000012, 0.000659336
1431.0, 0.00000023, 0.000625625
1432.0, 0.00000020, 0.000608781
1433.0, 0.00000016, 0.000607116
1434.0, 0.00000039, 0.000623156
1435.0, 0.00000056, 0.000663119
1436.0, 0.00000030, 0.000735161
1437.0, 0.00000019, 0.000854314
1438.0, 0.00000037, 0.001050576
1439.0, 0.00000047, 0.001348941
1440.0, 0.00000044, 0.001768082
1441.0, 0.00000025, 0.002301643
1442.0, 0.00000044, 0.002908992
1443.0, 0.00000073, 0.003527558
1444.0, 0.00000029, 0.004037144
1445.0, 0.00000054, 0.004319585
1446.0, 0.00000089, 0.004309195
1447.0, 0.00000043, 0.004004302
1448.0, 0.00000069, 0.003456639
1449.0, 0.00000117, 0.002770501
1450.0, 0.00000049, 0.002080852
1451.0, 0.00000058, 0.001480465
1452.0, 0.00000185, 0.001023111
1453.0, 0.00000220, 0.000713433
1454.0, 0.00000085, 0.000513611
1455.0, 0.00000017, 0.000381432
1456.0, 0.00000170, 0.000305103
1457.0, 0.00000197, 0.000250460
1458.0, 0.00000220, 0.000209294
1459.0, 0.00000434, 0.000187911
1460.0, 0.00000452, 0.000166870
1461.0, 0.00000271, 0.000138016
1462.0, 0.00000245, 0.000134427
1463.0, 0.00000372, 0.000121710
1464.0, 0.00000449, 0.000120193
1465.0, 0.00000777, 0.000121010
1466.0, 0.00001395, 0.000113955
1467.0, 0.00001361, 0.000109974
1468.0, 0.00000950, 0.000092642
1469.0, 0.00000688, 0.000104139
1470.0, 0.00000917, 0.000083867
1471.0, 0.00002014, 0.000105719
1472.0, 0.00003543, 0.000118673
1473.0, 0.00002515, 0.000050265
1474.0, 0.00002359, 0.000128711
1475.0, 0.00001991, 0.000092701
1476.0, 0.00002725, 0.000098508
1477.0, 0.00001629, 0.000049101
1478.0, 0.00000605, 0.000067416
1479.0, 0.00001709, 0.000008677
1480.0, 0.00000927, 0.000112431
1481.0, 0.00006822, 0.000076465
1482.0, 0.00010677, 0.000190001
1483.0, 0.00009477, 0.000132132
1484.0, 0.00009252, 0.000151919
1485.0, 0.00007896, 0.000053493
1486.0, 0.00009526, 0.000043575
1487.0, 0.00010108, 0.000045157
1488.0, 0.00009245, 0.000094672
1489.0, 0.00013161, 0.000029149
1490.0, 0.00008953, 0.000133099
1491.0, 0.00011954, 0.000118370
1492.0, 0.00009704, 0.000243069
1493.0, 0.00011794, 0.000101552
1494.0, 0.00011676, 0.000218261
1495.0, 0.00013989, 0.000105581
1496.0, 0.00008766, 0.000031309
1497.0, 0.00005164, 0.000088816
1498.0, 0.00005658, 0.000060707
1499.0, 0.00009576, 0.000011877
1500.0, 0.00014472, 0.000066583
1501.0, 0.00007218, 0.000136602
1502.0, 0.00016020, 0.000121881
1503.0, 0.00020466, 0.000094399
1504.0, 0.00010460, 0.000298168
1505.0, 0.00014686, 0.000131156
1506.0, 0.00018524, 0.000250742
1507.0, 0.00016264, 0.000031524
1508.0, 0.00017283, 0.000026668
1509.0, 0.00019776, 0.000050693
1510.0, 0.00013060, 0.000215806
1511.0, 0.00021661, 0.000207209
1512.0, 0.00026318, 0.000058038
1513.0, 0.00022481, 0.000040741
1514.0, 0.00024049, 0.000117993
1515.0, 0.00021671, 0.000043533
1516.0, 0.00027887, 0.000114485
1517.0, 0.00029696, 0.000029021
1518.0, 0.00027487, 0.000065191
1519.0, 0.00028424, 0.000012857
1520.0, 0.00034683, 0.000084015
1521.0, 0.00036912, 0.000074459
1522.0, 0.00036107, 0.000076923
1523.0, 0.00046059, 0.000017064
1524.0, 0.00044997, 0.000285245
1525.0, 0.00043670, 0.000225120
1526.0, 0.00058110, 0.000051210
1527.0, 0.00060389, 0.000095986
1528.0, 0.00058679, 0.000077006
1529.0, 0.00078630, 0.000068987
1530.0, 0.00083647, 0.000040695
1531.0, 0.00081616, 0.000160733
1532.0, 0.00103260, 0.000030769
1533.0, 0.00111689, 0.000040989
1534.0, 0.00135147, 0.000029081
1535.0, 0.00162657, 0.000042519
1536.0, 0.00182768, 0.000055373
1537.0, 0.00200887, 0.000091502
1538.0, 0.00253388, 0.000106948
1539.0, 0.00304150, 0.000114390
1540.0, 0.00352032, 0.000143964
1541.0, 0.00433631, 0.000149985
1542.0, 0.00537385, 0.000045041
1543.0, 0.00661009, 0.000278031
1544.0, 0.00826833, 0.000041659
1545.0, 0.01047902, 0.000009768
1546.0, 0.01341262, 0.000181729
1547.0, 0.01717379, 0.000108280
1548.0, 0.02228825, 0.000133579
1549.0, 0.02931249, 0.000119534
1550.0, 0.03897153, 0.000201759
1551.0, 0.05198409, 0.000057192
1552.0, 0.07006919, 0.000103745
1553.0, 0.09453269, 0.000018399
1554.0, 0.12709200, 0.000082031
1555.0, 0.16946259, 0.000172651
1556.0, 0.22308826, 0.000245121
1557.0, 0.28646171, 0.000083777
1558.0, 0.35904374, 0.000188204
1559.0, 0.43759626, 0.000225873
1560.0, 0.51870501, 0.000088801
1561.0, 0.59627485, 0.000126023
1562.0, 0.66763341, 0.000065644
1563.0, 0.72909528, 0.000028955
1564.0, 0.77748358, 0.000132071
1565.0, 0.81303656, 0.000128379
1566.0, 0.83844852, 0.000131660
1567.0, 0.85504680, 0.000149233
1568.0, 0.86520606, 0.000166129
1569.0, 0.87171900, 0.000149688
1570.0, 0.87592357, 0.000190083
1571.0, 0.87932610, 0.000105052
1572.0, 0.88230776, 0.000060906
1573.0, 0.88563078, 0.000153908
1574.0, 0.88897067, 0.000174239
1575.0, 0.89223372, 0.000048009
1576.0, 0.89525485, 0.000048909
1577.0, 0.89780515, 0.000155373
1578.0, 0.89976245, 0.000013179
1579.0, 0.90128529, 0.000021999
1580.0, 0.90200120, 0.000075197
1581.0, 0.90236908, 0.000149304
1582.0, 0.90269988, 0.000188117
1583.0, 0.90313881, 0.000113565
1584.0, 0.90352773, 0.000039248
1585.0, 0.90427613, 0.000053512
1586.0, 0.90565615, 0.000058610
1587.0, 0.90729498, 0.000036851
1588.0, 0.90936303, 0.000101665
1589.0, 0.91171348, 0.000352538
1590.0, 0.91425776, 0.000069518
1591.0, 0.91652584, 0.000076195
1592.0, 0.91807955, 0.000317164
1593.0, 0.91939306, 0.000064491
1594.0, 0.92027699, 0.000141430
1595.0, 0.92060565, 0.000311609
1596.0, 0.92102706, 0.000242706
1597.0, 0.92108213, 0.000035361
1598.0, 0.92142021, 0.000132232
1599.0, 0.92228364, 0.000251046
1600.0, 0.92376065, 0.000210974
1601.0, 0.92530870, 0.000438051
1602.0, 0.92605978, 0.000319051
1603.0, 0.92447060, 0.000354490
1604.0, 0.91826003, 0.000670243
1605.0, 0.90462082, 0.000358048
1606.0, 0.88155549, 0.000410690
1607.0, 0.84610956, 0.000519553
1608.0, 0.79882359, 0.000603930
1609.0, 0.73894000, 0.000809490
1610.0, 0.67011392, 0.001076015
1611.0, 0.59324491, 0.000924401
1612.0, 0.51407361, 0.001019145
1613.0, 0.43554830, 0.001291240
1614.0, 0.36244726, 0.001478602
1615.0, 0.29670631, 0.001720457
1616.0, 0.23982664, 0.001836599
1617.0, 0.19023025, 0.001977258
1618.0, 0.14950700, 0.002652491
1619.0, 0.11656586, 0.005736700
1620.0, 0.09054981, 0.006380286
1621.0, 0.06974049, 0.007911461
1622.0, 0.05374838, 0.010099860
1623.0, 0.04144113, 0.011958160
1624.0, 0.03208332, 0.014698085
1625.0, 0.02491904, 0.018661696
1626.0, 0.01952692, 0.022942904
1627.0, 0.01546846, 0.029540472
1628.0, 0.01233694, 0.036657080
1629.0, 0.00985671, 0.047700096
1630.0, 0.00793880, 0.060972981
1631.0, 0.00663100, 0.079940043
1632.0, 0.00546980, 0.104755662
1633.0, 0.00454879, 0.137426108
1634.0, 0.00385478, 0.177497819
1635.0, 0.00319566, 0.230605349
1636.0, 0.00266440, 0.289859682
1637.0, 0.00228133, 0.362642795
1638.0, 0.00197431, 0.436446607
1639.0, 0.00171077, 0.521285117
1640.0, 0.00156196, 0.599162638
1641.0, 0.00124483, 0.673635840
1642.0, 0.00096262, 0.735933602
1643.0, 0.00106396, 0.792370200
1644.0, 0.00093823, 0.832128823
1645.0, 0.00081619, 0.861538291
1646.0, 0.00080096, 0.880455256
1647.0, 0.00075261, 0.892081380
1648.0, 0.00072635, 0.898765206
1649.0, 0.00060213, 0.902462602
1650.0, 0.00043421, 0.904650033
1651.0, 0.00035001, 0.905874372
1652.0, 0.00033663, 0.907031357
1653.0, 0.00028980, 0.909100413
1654.0, 0.00020322, 0.910795331
1655.0, 0.00031292, 0.912547052
1656.0, 0.00029461, 0.914350927
1657.0, 0.00032863, 0.915542185
1658.0, 0.00032330, 0.916129053
1659.0, 0.00023436, 0.916596174
1660.0, 0.00020255, 0.916521609
1661.0, 0.00028619, 0.916149020
1662.0, 0.00022424, 0.915673554
1663.0, 0.00018237, 0.915003121
1664.0, 0.00015314, 0.915400922
1665.0, 0.00018004, 0.915630817
1666.0, 0.00021925, 0.915620387
1667.0, 0.00022727, 0.917068899
1668.0, 0.00020694, 0.918389440
1669.0, 0.00017572, 0.920303702
1670.0, 0.00020344, 0.921435893
1671.0, 0.00021828, 0.922102571
1672.0, 0.00021994, 0.922098637
1673.0, 0.00018588, 0.920838654
1674.0, 0.00016862, 0.919106007
1675.0, 0.00008910, 0.916951299
1676.0, 0.00006980, 0.914466381
1677.0, 0.00011059, 0.910945415
1678.0, 0.00028548, 0.908055007
1679.0, 0.00017918, 0.905197740
1680.0, 0.00013805, 0.904423773
1681.0, 0.00021444, 0.904152513
1682.0, 0.00012421, 0.905351341
1683.0, 0.00003564, 0.906126738
1684.0, 0.00012572, 0.905637562
1685.0, 0.00016138, 0.902587771
1686.0, 0.00011512, 0.893114984
1687.0, 0.00010276, 0.875174284
1688.0, 0.00009674, 0.845535934
1689.0, 0.00010144, 0.802954257
1690.0, 0.00012660, 0.748864591
1691.0, 0.00006951, 0.683000684
1692.0, 0.00002425, 0.606216490
1693.0, 0.00001603, 0.527084529
1694.0, 0.00003338, 0.447518736
1695.0, 0.00006868, 0.371237993
1696.0, 0.00019454, 0.300909609
1697.0, 0.00014452, 0.240312770
1698.0, 0.00008980, 0.189929679
1699.0, 0.00012074, 0.147575974
1700.0, 0.00013908, 0.113281317
1701.0, 0.00011432, 0.087351292
1702.0, 0.00010330, 0.067183338
1703.0, 0.00003672, 0.051320098
1704.0, 0.00014208, 0.039317176
1705.0, 0.00032806, 0.031396348
1706.0, 0.00020863, 0.024066323
1707.0, 0.00015732, 0.018780522
1708.0, 0.00017544, 0.015467224
1709.0, 0.00006367, 0.012085733
1710.0, 0.00010731, 0.009666068
1711.0, 0.00021909, 0.007984013
1712.0, 0.00017407, 0.006310458
1713.0, 0.00014303, 0.005425487
1714.0, 0.00015662, 0.004550466
1715.0, 0.00014176, 0.004250207
1716.0, 0.00015385, 0.003391312
1717.0, 0.00013282, 0.002453299
1718.0, 0.00015129, 0.001961463
1719.0, 0.00016360, 0.002317225
1720.0, 0.00007810, 0.004318479
1721.0, 0.00007488, 0.003646491
1722.0, 0.00012513, 0.003133659
1723.0, 0.00029617, 0.002835058
1724.0, 0.00019498, 0.002272481
1725.0, 0.00011559, 0.002088741
1726.0, 0.00022290, 0.001810270
1727.0, 0.00012018, 0.001347944
1728.0, 0.00004504, 0.001508400
1729.0, 0.00010357, 0.001217957
1730.0, 0.00009925, 0.000796771
1731.0, 0.00020656, 0.000853027
1732.0, 0.00031640, 0.000807512
1733.0, 0.00011559, 0.000837579
1734.0, 0.00011621, 0.000933982
1735.0, 0.00019809, 0.000608638
1736.0, 0.00008016, 0.000368210
1737.0, 0.00004453, 0.000631207
1738.0, 0.00011385, 0.000385746
1739.0, 0.00020952, 0.000053103
1740.0, 0.00011935, 0.000523361
1741.0, 0.00006540, 0.000453358
1742.0, 0.00017643, 0.000331109
1743.0, 0.00015075, 0.000554160
1744.0, 0.00013606, 0.000120768
1745.0, 0.00007009, 0.000166854
1746.0, 0.00018898, 0.000231378
1747.0, 0.00022721, 0.000275201
1748.0, 0.00010736, 0.000135316
1749.0, 0.00020881, 0.000274301
1750.0, 0.00020264, 0.000104312
1751.0, 0.00014307, 0.000241314
1752.0, 0.00013928, 0.000314845
1753.0, 0.00012803, 0.000277728
1754.0, 0.00017156, 0.000065230
1755.0, 0.00017796, 0.000228922
1756.0, 0.00015234, 0.000054575
1757.0, 0.00015416, 0.000098135
1758.0, 0.00018370, 0.000254561
1759.0, 0.00015264, 0.000132337
1760.0, 0.00004336, 0.000111531
1761.0, 0.00010413, 0.000145182
1762.0, 0.00019628, 0.000117181
1763.0, 0.00014220, 0.000080424
1764.0, 0.00015660, 0.000051612
1765.0, 0.00017368, 0.000042511
1766.0, 0.00007399, 0.000131534
1767.0, 0.00018858, 0.000074661
1768.0, 0.00019929, 0.000094434
1769.0, 0.00007865, 0.000037913
1770.0, 0.00010737, 0.000108583
1771.0, 0.00010555, 0.000116837
1772.0, 0.00008315, 0.000140580
1773.0, 0.00006923, 0.000180475
1774.0, 0.00007673, 0.000118298
1775.0, 0.00002431, 0.000015926
1776.0, 0.00005273, 0.000017644
1777.0, 0.00007157, 0.000076127
1778.0, 0.00003433, 0.000016532
1779.0, 0.00009105, 0.000064187
1780.0, 0.00009103, 0.000078435
1781.0, 0.00005687, 0.000031366
1782.0, 0.00004460, 0.000003733
1783.0, 0.00003910, 0.000036505
1784.0, 0.00004214, 0.000031736
1785.0, 0.00003040, 0.000003588
1786.0, 0.00003070, 0.000002793
1787.0, 0.00002237, 0.000010992
1788.0, 0.00003234, 0.000042597
1789.0, 0.00002416, 0.000023100
1790.0, 0.00000965, 0.000004960
1791.0, 0.00001604, 0.000016185
1792.0, 0.00001416, 0.000005499
1793.0, 0.00000819, 0.000015554
1794.0, 0.00000833, 0.000029838
1795.0, 0.00001391, 0.000007053
1796.0, 0.00001017, 0.000016228
1797.0, 0.00001232, 0.000016873
1798.0, 0.00001069, 0.000013650
1799.0, 0.00000719, 0.000000886
1800.0, 0.00000544, 0.000005194
1801.0, 0.00000628, 0.000001847
1802.0, 0.00000326, 0.000001461
1803.0, 0.00000479, 0.000003756
1804.0, 0.00000488, 0.000002615
1805.0, 0.00000364, 0.000006023
1806.0, 0.00000742, 0.000003556
1807.0, 0.00000841, 0.000001687
1808.0, 0.00000293, 0.000004090
1809.0, 0.00000435, 0.000001418
1810.0, 0.00000491, 0.000001190
1811.0, 0.00000395, 0.000003358
1812.0, 0.00000402, 0.000001879
1813.0, 0.00000455, 0.000000981
1814.0, 0.00000569, 0.000003509
1815.0, 0.00000455, 0.000005784
1816.0, 0.00000387, 0.000001568
1817.0, 0.00000521, 0.000003600
1818.0, 0.00000507, 0.000005337
1819.0, 0.00000630, 0.000003130
1820.0, 0.00000560, 0.000003628
1821.0, 0.00000534, 0.000005373
1822.0, 0.00000735, 0.000001352
1823.0, 0.00000968, 0.000004343
1824.0, 0.00000755, 0.000001551
1825.0, 0.00000936, 0.000002485
1826.0, 0.00000813, 0.000000760
1827.0, 0.00001090, 0.000003876
1828.0, 0.00001155, 0.000002896
1829.0, 0.00001061, 0.000003552
1830.0, 0.00001100, 0.000002916
1831.0, 0.00001233, 0.000000510
1832.0, 0.00001408, 0.000001118
1833.0, 0.00001468, 0.000001503
1834.0, 0.00001433, 0.000000941
1835.0, 0.00001312, 0.000001518
1836.0, 0.00001536, 0.000002384
1837.0, 0.00001556, 0.000001017
1838.0, 0.00001607, 0.000003221
1839.0, 0.00001480, 0.000004127
1840.0, 0.00001650, 0.000002056
1841.0, 0.00001659, 0.000002271
1842.0, 0.00001930, 0.000000807
1843.0, 0.00002012, 0.000000133
1844.0, 0.00002084, 0.000000058
1845.0, 0.00002129, 0.000000453
1846.0, 0.00002202, 0.000000405
1847.0, 0.00002442, 0.000001242
1848.0, 0.00002650, 0.000002157
1849.0, 0.00002966, 0.000000176
1850.0, 0.00003427, 0.000001071
1851.0, 0.00004020, 0.000000772
1852.0, 0.00004599, 0.000000307
1853.0, 0.00006057, 0.000000064
1854.0, 0.00007431, 0.000000874
1855.0, 0.00008955, 0.000000570
1856.0, 0.00012182, 0.000000256
1857.0, 0.00014442, 0.000000467
1858.0, 0.00017338, 0.000000097
1859.0, 0.00022676, 0.000000253
1860.0, 0.00023211, 0.000000485
1861.0, 0.00029898, 0.000000514
1862.0, 0.00032148, 0.000000045
1863.0, 0.00033513, 0.000000212
1864.0, 0.00041711, 0.000000173
1865.0, 0.00036519, 0.000000328
1866.0, 0.00035575, 0.000000549
1867.0, 0.00030309, 0.000000183
1868.0, 0.00027380, 0.000000235
1869.0, 0.00024972, 0.000000462
1870.0, 0.00020209, 0.000000048
1871.0, 0.00019112, 0.000000245
1872.0, 0.00014559, 0.000000201
1873.0, 0.00014652, 0.000000082
1874.0, 0.00013864, 0.000000011
1875.0, 0.00013166, 0.000000228
1876.0, 0.00012256, 0.000000103
1877.0, 0.00009470, 0.000000039
1878.0, 0.00011223, 0.000000278
1879.0, 0.00010480, 0.000000229
1880.0, 0.00009909, 0.000000059
1881.0, 0.00008868, 0.000000006
1882.0, 0.00010277, 0.000000091
1883.0, 0.00009700, 0.000000118
1884.0, 0.00011224, 0.000000191
1885.0, 0.00010810, 0.000000119
1886.0, 0.00011763, 0.000000152
1887.0, 0.00012673, 0.000000104
1888.0, 0.00014363, 0.000000011
1889.0, 0.00016232, 0.000000019
1890.0, 0.00018297, 0.000000764
1891.0, 0.00019668, 0.000000439
1892.0, 0.00023809, 0.000000265
1893.0, 0.00028082, 0.000000620
1894.0, 0.00031547, 0.000000184
1895.0, 0.00036075, 0.000000090
1896.0, 0.00041306, 0.000001006
1897.0, 0.00047485, 0.000000153
1898.0, 0.00054272, 0.000000572
1899.0, 0.00061565, 0.000000680
1900.0, 0.00064824, 0.000000571
1901.0, 0.00067658, 0.000000347
1902.0, 0.00070141, 0.000000317
1903.0, 0.00069195, 0.000000534
1904.0, 0.00066786, 0.000000371
1905.0, 0.00070371, 0.000000675
1906.0, 0.00062713, 0.000000414
1907.0, 0.00061370, 0.000000200
1908.0, 0.00052927, 0.000000424
1909.0, 0.00051604, 0.000000288
1910.0, 0.00051179, 0.000000108
1911.0, 0.00040263, 0.000000192
1912.0, 0.00033320, 0.000000081
1913.0, 0.00034362, 0.000000033
1914.0, 0.00030281, 0.000000333
1915.0, 0.00025058, 0.000000171
1916.0, 0.00022242, 0.000000158
1917.0, 0.00022315, 0.000000083
1918.0, 0.00016994, 0.000000098
1919.0, 0.00016177, 0.000000193
1920.0, 0.00014205, 0.000000084
1921.0, 0.00008854, 0.000000011
1922.0, 0.00008864, 0.000000007
1923.0, 0.00009298, 0.000000205
1924.0, 0.00009314, 0.000000066
1925.0, 0.00007980, 0.000000083
1926.0, 0.00005349, 0.000000134
1927.0, 0.00004573, 0.000000096
1928.0, 0.00003157, 0.000000044
1929.0, 0.00006065, 0.000000079
1930.0, 0.00007059, 0.000000010
1931.0, 0.00003866, 0.000000024
1932.0, 0.00002817, 0.000000093
1933.0, 0.00003685, 0.000000097
1934.0, 0.00002534, 0.000000046
1935.0, 0.00005001, 0.000000184
1936.0, 0.00004339, 0.000000114
1937.0, 0.00003596, 0.000000110
1938.0, 0.00000630, 0.000000027
1939.0, 0.00002175, 0.000000063
1940.0, 0.00004289, 0.000000154
1941.0, 0.00003468, 0.000000165
1942.0, 0.00001540, 0.000000070
1943.0, 0.00000866, 0.000000043
1944.0, 0.00001399, 0.000000074
1945.0, 0.00002169, 0.000000133
1946.0, 0.00004521, 0.000000310
1947.0, 0.00003100, 0.000000225
1948.0, 0.00004574, 0.000000338
1949.0, 0.00003177, 0.000000253
1950.0, 0.00000739, 0.000000067
1951.0, 0.00004283, 0.000000439
1952.0, 0.00007417, 0.000000872
1953.0, 0.00005572, 0.000000726
1954.0, 0.00003543, 0.000000526
1955.0, 0.00003863, 0.000000680
1956.0, 0.00007415, 0.000001567
1957.0, 0.00007912, 0.000001990
1958.0, 0.00003889, 0.000001205
1959.0, 0.00003951, 0.000001539
1960.0, 0.00002907, 0.000001463
1961.0, 0.00000495, 0.000000329
1962.0, 0.00000167, 0.000000151
1963.0, 0.00004485, 0.000005543
1964.0, 0.00006700, 0.000011698
1965.0, 0.00005474, 0.000013733
1966.0, 0.00002650, 0.000009537
1967.0, 0.00002744, 0.000013994
1968.0, 0.00004316, 0.000030389
1969.0, 0.00004779, 0.000044780
1970.0, 0.00005242, 0.000062885
1971.0, 0.00003879, 0.000056957
1972.0, 0.00001132, 0.000019363
1973.0, 0.00000231, 0.000004395
1974.0, 0.00000699, 0.000014132
1975.0, 0.00002202, 0.000045514
1976.0, 0.00002078, 0.000042493
1977.0, 0.00002497, 0.000049094
1978.0, 0.00001311, 0.000024426
1979.0, 0.00001640, 0.000028845
1980.0, 0.00000899, 0.000014955
1981.0, 0.00001023, 0.000016165
1982.0, 0.00001455, 0.000022111
1983.0, 0.00000362, 0.000005384
1984.0, 0.00000587, 0.000008610
1985.0, 0.00001080, 0.000015828
1986.0, 0.00001080, 0.000015987
1987.0, 0.00000777, 0.000011739
1988.0, 0.00000590, 0.000009180
1989.0, 0.00000136, 0.000002205
1990.0, 0.00000225, 0.000003790
1991.0, 0.00000263, 0.000004647
1992.0, 0.00000084, 0.000001567
1993.0, 0.00000068, 0.000001350
1994.0, 0.00000283, 0.000005983
1995.0, 0.00000588, 0.000013371
1996.0, 0.00000097, 0.000002383
1997.0, 0.00000074, 0.000001959
1998.0, 0.00000118, 0.000003389
1999.0, 0.00000183, 0.000005732
2000.0, 0.00000388, 0.000013281
2001.0, 0.00000268, 0.000010081
2002.0, 0.00000252, 0.000010412
2003.0, 0.00000554, 0.000025220
2004.0, 0.00000065, 0.000003272
2005.0, 0.00000095, 0.000005337
2006.0, 0.00000222, 0.000013697
2007.0, 0.00000380, 0.000025852
2008.0, 0.00000276, 0.000020897
2009.0, 0.00000405, 0.000033807
2010.0, 0.00000330, 0.000030244
2011.0, 0.00000107, 0.000010879
2012.0, 0.00000102, 0.000011242
2013.0, 0.00000180, 0.000021457
2014.0, 0.00000307, 0.000039104
2015.0, 0.00000365, 0.000049164
2016.0, 0.00000213, 0.000030083
2017.0, 0.00000074, 0.000010902
2018.0, 0.00000485, 0.000073056
2019.0, 0.00000456, 0.000069525
2020.0, 0.00000080, 0.000012297
2021.0, 0.00000058, 0.000008795
2022.0, 0.00000053, 0.000007885
2023.0, 0.00000306, 0.000043835
2024.0, 0.00000293, 0.000040469
2025.0, 0.00000187, 0.000024682
2026.0, 0.00000141, 0.000017749
2027.0, 0.00000258, 0.000030724
2028.0, 0.00000110, 0.000012378
2029.0, 0.00000294, 0.000031337
2030.0, 0.00000103, 0.000010392
2031.0, 0.00000314, 0.000029721
2032.0, 0.00000077, 0.000006941
2033.0, 0.00000076, 0.000006551
2034.0, 0.00000024, 0.000001946
2035.0, 0.00000284, 0.000021834
2036.0, 0.00000124, 0.000009092
2037.0, 0.00000190, 0.000013347
2038.0, 0.00000299, 0.000020195
2039.0, 0.00000131, 0.000008475
2040.0, 0.00000252, 0.000015747
2041.0, 0.00000708, 0.000042943
2042.0, 0.00000279, 0.000016440
2043.0, 0.00000085, 0.000004861
2044.0, 0.00000637, 0.000035549
2045.0, 0.00000151, 0.000008301
2046.0, 0.00000130, 0.000007004
2047.0, 0.00000445, 0.000023640
2048.0, 0.00000622, 0.000032577
2049.0, 0.00000134, 0.000006999
2050.0, 0.00000338, 0.000017465
2051.0, 0.00000235, 0.000012090
2052.0, 0.00000263, 0.000013467
2053.0, 0.00000162, 0.000008307
2054.0, 0.00001331, 0.000067910
2055.0, 0.00000844, 0.000043170
2056.0, 0.00000172, 0.000008870
2057.0, 0.00000725, 0.000037416
2058.0, 0.00001735, 0.000089657
2059.0, 0.00001101, 0.000057194
2060.0, 0.00000576, 0.000029853
2061.0, 0.00000560, 0.000028991
2062.0, 0.00000526, 0.000027063
2063.0, 0.00001810, 0.000091859
2064.0, 0.00000204, 0.000010181
2065.0, 0.00000662, 0.000032276
2066.0, 0.00000264, 0.000012442
2067.0, 0.00000945, 0.000042638
2068.0, 0.00000267, 0.000011489
2069.0, 0.00000853, 0.000034417
2070.0, 0.00000194, 0.000007337
2071.0, 0.00000573, 0.000019902
2072.0, 0.00001608, 0.000051015
2073.0, 0.00000397, 0.000011429
2074.0, 0.00000885, 0.000022901
2075.0, 0.00001665, 0.000038493
2076.0, 0.00002498, 0.000051261
2077.0, 0.00003169, 0.000057566
2078.0, 0.00001100, 0.000017620
2079.0, 0.00000539, 0.000007599
2080.0, 0.00004274, 0.000052830
2081.0, 0.00002674, 0.000029014
2082.0, 0.00001236, 0.000011787
2083.0, 0.00001267, 0.000010630
2084.0, 0.00001249, 0.000009223
2085.0, 0.00002107, 0.000013731
2086.0, 0.00001939, 0.000011181
2087.0, 0.00000972, 0.000004981
2088.0, 0.00000525, 0.000002391
2089.0, 0.00002534, 0.000010290
2090.0, 0.00002407, 0.000008837
2091.0, 0.00002872, 0.000009461
2092.0, 0.00002295, 0.000006838
2093.0, 0.00000532, 0.000001441
2094.0, 0.00000793, 0.000001949
2095.0, 0.00005052, 0.000011351
2096.0, 0.00000793, 0.000001652
2097.0, 0.00000795, 0.000001521
2098.0, 0.00001555, 0.000002751
2099.0, 0.00001575, 0.000002589
2100.0, 0.00001678, 0.000002588
2101.0, 0.00001337, 0.000001937
2102.0, 0.00000248, 0.000000335
2103.0, 0.00000247, 0.000000318
2104.0, 0.00001534, 0.000001860
2105.0, 0.00004885, 0.000005641
2106.0, 0.00003306, 0.000003636
2107.0, 0.00003692, 0.000003863
2108.0, 0.00003762, 0.000003849
2109.0, 0.00003202, 0.000003144
2110.0, 0.00000307, 0.000000288
2111.0, 0.00001619, 0.000001485
2112.0, 0.00004728, 0.000004174
2113.0, 0.00001204, 0.000001039
2114.0, 0.00005387, 0.000004533
2115.0, 0.00001520, 0.000001257
2116.0, 0.00006634, 0.000005297
2117.0, 0.00004119, 0.000003289
2118.0, 0.00007096, 0.000005553
2119.0, 0.00004144, 0.000003154
2120.0, 0.00004768, 0.000003663
2121.0, 0.00003882, 0.000002927
2122.0, 0.00004931, 0.000003663
2123.0, 0.00001905, 0.000001398
2124.0, 0.00002015, 0.000001473
2125.0, 0.00004541, 0.000003321
2126.0, 0.00007655, 0.000005470
2127.0, 0.00002617, 0.000001901
2128.0, 0.00004803, 0.000003409
2129.0, 0.00001124, 0.000000810
2130.0, 0.00003752, 0.000002695
2131.0, 0.00003540, 0.000002530
2132.0, 0.00005561, 0.000003985
2133.0, 0.00002541, 0.000001830
2134.0, 0.00006837, 0.000004865
2135.0, 0.00000759, 0.000000555
2136.0, 0.00000275, 0.000000201
2137.0, 0.00005907, 0.000004346
2138.0, 0.00004791, 0.000003606
2139.0, 0.00004753, 0.000003577
2140.0, 0.00005434, 0.000004073
2141.0, 0.00001658, 0.000001280
2142.0, 0.00006117, 0.000004726
2143.0, 0.00010019, 0.000007886
2144.0, 0.00007482, 0.000006026
2145.0, 0.00004390, 0.000003613
2146.0, 0.00000881, 0.000000734
2147.0, 0.00009113, 0.000007683
2148.0, 0.00015770, 0.000013681
2149.0, 0.00009327, 0.000008214
2150.0, 0.00011872, 0.000010799
2151.0, 0.00016733, 0.000015363
2152.0, 0.00015380, 0.000014623
2153.0, 0.00016287, 0.000015936
2154.0, 0.00019121, 0.000019117
2155.0, 0.00015731, 0.000016014
2156.0, 0.00011726, 0.000012450
2157.0, 0.00007244, 0.000007911
2158.0, 0.00002271, 0.000002549
2159.0, 0.00005880, 0.000006836
2160.0, 0.00010430, 0.000012524
2161.0, 0.00007813, 0.000009741
2162.0, 0.00007963, 0.000010212
2163.0, 0.00007803, 0.000010419
2164.0, 0.00002128, 0.000002943
2165.0, 0.00003354, 0.000004821
2166.0, 0.00001185, 0.000001762
2167.0, 0.00001478, 0.000002293
2168.0, 0.00003764, 0.000006107
2169.0, 0.00003995, 0.000006713
2170.0, 0.00001591, 0.000002793
2171.0, 0.00002174, 0.000004001
2172.0, 0.00001839, 0.000003521
2173.0, 0.00000812, 0.000001627
2174.0, 0.00001038, 0.000002174
2175.0, 0.00002040, 0.000004462
2176.0, 0.00003236, 0.000007425
2177.0, 0.00001358, 0.000003274
2178.0, 0.00002629, 0.000006603
2179.0, 0.00000788, 0.000002069
2180.0, 0.00000938, 0.000002600
2181.0, 0.00003630, 0.000010500
2182.0, 0.00001675, 0.000005078
2183.0, 0.00003136, 0.000009998
2184.0, 0.00000523, 0.000001748
2185.0, 0.00000833, 0.000002915
2186.0, 0.00001017, 0.000003736
2187.0, 0.00001249, 0.000004813
2188.0, 0.00001412, 0.000005696
2189.0, 0.00003628, 0.000015374
2190.0, 0.00000854, 0.000003779
2191.0, 0.00002251, 0.000010420
2192.0, 0.00004288, 0.000020755
2193.0, 0.00001194, 0.000006053
2194.0, 0.00001541, 0.000008142
2195.0, 0.00002106, 0.000011623
2196.0, 0.00000891, 0.000005120
2197.0, 0.00002208, 0.000013216
2198.0, 0.00002695, 0.000016745
2199.0, 0.00002955, 0.000019076
2200.0, 0.00006128, 0.000040972
2201.0, 0.00007068, 0.000048944
2202.0, 0.00003597, 0.000025718
2203.0, 0.00001599, 0.000011814
2204.0, 0.00000484, 0.000003688
2205.0, 0.00001483, 0.000011597
2206.0, 0.00002264, 0.000018181
2207.0, 0.00001090, 0.000008983
2208.0, 0.00001312, 0.000011064
2209.0, 0.00002903, 0.000025031
2210.0, 0.00005235, 0.000046017
2211.0, 0.00004248, 0.000037976
2212.0, 0.00002356, 0.000021397
2213.0, 0.00004146, 0.000038201
2214.0, 0.00004716, 0.000044028
2215.0, 0.00002754, 0.000026008
2216.0, 0.00003104, 0.000029608
2217.0, 0.00003647, 0.000035076
2218.0, 0.00006163, 0.000059696
2219.0, 0.00001435, 0.000014003
2220.0, 0.00002061, 0.000020196
2221.0, 0.00003975, 0.000039114
2222.0, 0.00001208, 0.000011938
2223.0, 0.00000823, 0.000008154
2224.0, 0.00003002, 0.000029785
2225.0, 0.00005118, 0.000050874
2226.0, 0.00002740, 0.000027269
2227.0, 0.00002639, 0.000026296
2228.0, 0.00002736, 0.000027288
2229.0, 0.00001640, 0.000016357
2230.0, 0.00004116, 0.000041085
2231.0, 0.00000899, 0.000008978
2232.0, 0.00002518, 0.000025158
2233.0, 0.00005384, 0.000053918
2234.0, 0.00004562, 0.000045776
2235.0, 0.00000823, 0.000008280
2236.0, 0.00002667, 0.000026860
2237.0, 0.00007215, 0.000072953
2238.0, 0.00003392, 0.000034402
2239.0, 0.00003154, 0.000032091
2240.0, 0.00000471, 0.000004818
2241.0, 0.00002930, 0.000030107
2242.0, 0.00000879, 0.000009085
2243.0, 0.00005389, 0.000051394
2244.0, 0.00002356, 0.000021672
2245.0, 0.00002008, 0.000020960
2246.0, 0.00002789, 0.000029589
2247.0, 0.00002030, 0.000021712
2248.0, 0.00001637, 0.000017635
2249.0, 0.00000425, 0.000004620
2250.0, 0.00000488, 0.000005359
2251.0, 0.00004558, 0.000050563
2252.0, 0.00007163, 0.000080279
2253.0, 0.00005611, 0.000063454
2254.0, 0.00001641, 0.000018757
2255.0, 0.00007939, 0.000091804
2256.0, 0.00002540, 0.000029693
2257.0, 0.00002868, 0.000033863
2258.0, 0.00004378, 0.000052225
2259.0, 0.00003175, 0.000038312
2260.0, 0.00000696, 0.000008494
2261.0, 0.00006778, 0.000083617
2262.0, 0.00001913, 0.000023866
2263.0, 0.00001498, 0.000018907
2264.0, 0.00006132, 0.000078210
2265.0, 0.00002131, 0.000027453
2266.0, 0.00000572, 0.000007446
2267.0, 0.00001484, 0.000019499
2268.0, 0.00006338, 0.000084079
2269.0, 0.00004278, 0.000057284
2270.0, 0.00003931, 0.000053106
2271.0, 0.00004115, 0.000056039
2272.0, 0.00002305, 0.000031635
2273.0, 0.00002263, 0.000031306
2274.0, 0.00000563, 0.000007852
2275.0, 0.00000087, 0.000001233
2276.0, 0.00001309, 0.000018532
2277.0, 0.00000434, 0.000006178
2278.0, 0.00002969, 0.000042568
2279.0, 0.00002473, 0.000035668
2280.0, 0.00000331, 0.000004800
2281.0, 0.00001253, 0.000018246
2282.0, 0.00002392, 0.000034996
2283.0, 0.00002026, 0.000029763
2284.0, 0.00001399, 0.000020651
2285.0, 0.00003118, 0.000046163
2286.0, 0.00002295, 0.000034077
2287.0, 0.00003648, 0.000054321
2288.0, 0.00001435, 0.000021422
2289.0, 0.00001456, 0.000021797
2290.0, 0.00000253, 0.000003806
2291.0, 0.00000362, 0.000005443
2292.0, 0.00001769, 0.000026640
2293.0, 0.00000725, 0.000010948
2294.0, 0.00001772, 0.000026759
2295.0, 0.00001801, 0.000027223
2296.0, 0.00003553, 0.000053784
2297.0, 0.00001576, 0.000023864
2298.0, 0.00002243, 0.000033934
2299.0, 0.00000647, 0.000009804
2300.0, 0.00001638, 0.000024820
2301.0, 0.00003610, 0.000054604
2302.0, 0.00002683, 0.000040582
2303.0, 0.00000859, 0.000013001
2304.0, 0.00000970, 0.000014657
2305.0, 0.00002827, 0.000042693
2306.0, 0.00002145, 0.000032371
2307.0, 0.00003150, 0.000047516
2308.0, 0.00003576, 0.000053881
2309.0, 0.00002636, 0.000039699
2310.0, 0.00003054, 0.000045930
2311.0, 0.00002318, 0.000034786
2312.0, 0.00002168, 0.000032527
2313.0, 0.00002512, 0.000037651
2314.0, 0.00002252, 0.000033700
2315.0, 0.00001149, 0.000017165
2316.0, 0.00001171, 0.000017461
2317.0, 0.00003789, 0.000056408
2318.0, 0.00004107, 0.000061085
2319.0, 0.00002667, 0.000039583
2320.0, 0.00003130, 0.000046411
2321.0, 0.00008878, 0.000131349
2322.0, 0.00010453, 0.000154322
2323.0, 0.00011174, 0.000164657
2324.0, 0.00016324, 0.000239684
2325.0, 0.00018984, 0.000278074
2326.0, 0.00021469, 0.000313900
2327.0, 0.00026839, 0.000391168
2328.0, 0.00031052, 0.000450944
2329.0, 0.00039414, 0.000570499
2330.0, 0.00042282, 0.000610177
2331.0, 0.00046686, 0.000671226
2332.0, 0.00044388, 0.000635170
2333.0, 0.00046671, 0.000665225
2334.0, 0.00043551, 0.000617571
2335.0, 0.00039378, 0.000556541
2336.0, 0.00034495, 0.000485286
2337.0, 0.00034792, 0.000486786
2338.0, 0.00029410, 0.000410122
2339.0, 0.00025712, 0.000355973
2340.0, 0.00022019, 0.000302875
2341.0, 0.00017565, 0.000240124
2342.0, 0.00014631, 0.000198488
2343.0, 0.00013950, 0.000187736
2344.0, 0.00009758, 0.000130270
2345.0, 0.00008073, 0.000106794
2346.0, 0.00008314, 0.000108890
2347.0, 0.00004115, 0.000053409
2348.0, 0.00004357, 0.000056024
2349.0, 0.00005175, 0.000065922
2350.0, 0.00001111, 0.000014005
2351.0, 0.00002778, 0.000034616
2352.0, 0.00003230, 0.000039813
2353.0, 0.00002935, 0.000035769
2354.0, 0.00004482, 0.000053920
2355.0, 0.00006058, 0.000071899
2356.0, 0.00006653, 0.000077907
2357.0, 0.00003720, 0.000042970
2358.0, 0.00002358, 0.000026858
2359.0, 0.00001996, 0.000022432
2360.0, 0.00002289, 0.000025326
2361.0, 0.00002108, 0.000022958
2362.0, 0.00004295, 0.000046058
2363.0, 0.00004194, 0.000044199
2364.0, 0.00002825, 0.000029282
2365.0, 0.00004441, 0.000045249
2366.0, 0.00000789, 0.000007906
2367.0, 0.00000114, 0.000001123
2368.0, 0.00001190, 0.000011536
2369.0, 0.00001201, 0.000011444
2370.0, 0.00004800, 0.000044904
2371.0, 0.00001967, 0.000018101
2372.0, 0.00004736, 0.000042752
2373.0, 0.00002059, 0.000018271
2374.0, 0.00000619, 0.000005415
2375.0, 0.00001434, 0.000012291
2376.0, 0.00002086, 0.000017581
2377.0, 0.00000564, 0.000004673
2378.0, 0.00003276, 0.000026639
2379.0, 0.00001164, 0.000009292
2380.0, 0.00001829, 0.000014378
2381.0, 0.00003328, 0.000025743
2382.0, 0.00001168, 0.000008880
2383.0, 0.00000408, 0.000003044
2384.0, 0.00000364, 0.000002678
2385.0, 0.00001383, 0.000010001
2386.0, 0.00000951, 0.000006785
2387.0, 0.00000149, 0.000001047
2388.0, 0.00001540, 0.000010649
2389.0, 0.00001395, 0.000009505
2390.0, 0.00003256, 0.000021834
2391.0, 0.00009382, 0.000062107
2392.0, 0.00003509, 0.000022932
2393.0, 0.00000554, 0.000003577
2394.0, 0.00005322, 0.000033888
2395.0, 0.00002364, 0.000014849
2396.0, 0.00002795, 0.000017357
2397.0, 0.00005581, 0.000034220
2398.0, 0.00001088, 0.000006626
2399.0, 0.00002014, 0.000012118
2400.0, 0.00001000, 0.000005949
