wavelength,ND_0.0,ND_1.0,ND_2.0,ND_3.5
900.0,1.000000000,0.129393995,0.019499000,0.001479460
901.0,1.000000000,0.129370004,0.019508099,0.001481310
902.0,1.000000000,0.129345998,0.019517900,0.001483280
903.0,1.000000000,0.129319996,0.019528300,0.001485370
904.0,1.000000000,0.129291996,0.019539300,0.001487600
905.0,1.000000000,0.129262000,0.019551201,0.001489990
906.0,1.000000000,0.129229993,0.019563800,0.001492540
907.0,1.000000000,0.129196003,0.019577401,0.001495280
908.0,1.000000000,0.129159003,0.019592101,0.001498230
909.0,1.000000000,0.129118994,0.019607900,0.001501410
910.0,1.000000000,0.129076004,0.019625001,0.001504860
911.0,1.000000000,0.129029006,0.019643500,0.001508610
912.0,1.000000000,0.128977999,0.019663800,0.001512690
913.0,1.000000000,0.128922001,0.019686000,0.001517160
914.0,1.000000000,0.128860995,0.019710300,0.001522070
915.0,1.000000000,0.128793001,0.019737300,0.001527490
916.0,1.000000000,0.128718004,0.019767100,0.001533500
917.0,1.000000000,0.128634006,0.019800499,0.001540220
918.0,1.000000000,0.128539994,0.019838000,0.001547770
919.0,1.000000000,0.128433004,0.019880399,0.001556310
920.0,1.000000000,0.128310993,0.019928800,0.001566050
921.0,1.000000000,0.128170997,0.019984599,0.001577270
922.0,1.000000000,0.128007993,0.020049499,0.001590330
923.0,1.000000000,0.127816007,0.020126101,0.001605720
924.0,1.000000000,0.127586007,0.020217801,0.001624130
925.0,1.000000000,0.127305999,0.020329500,0.001646560
926.0,1.000000000,0.126957998,0.020468600,0.001674460
927.0,1.000000000,0.126513004,0.020646701,0.001710140
928.0,1.000000000,0.125924006,0.020882800,0.001757380
929.0,1.000000000,0.125107005,0.021210900,0.001822900
930.0,1.000000000,0.123898998,0.021698300,0.001919910
931.0,1.000000000,0.121924996,0.022499699,0.002078590
932.0,1.000000000,0.118097998,0.024071800,0.002386450
933.0,1.000000000,0.107224002,0.028693600,0.003260720
934.0,1.000000000,0.169214994,0.009730070,0.000988730
935.0,1.000000000,0.175393000,0.001342600,0.000000000
936.0,1.000000000,0.145606995,0.013185300,0.000193320
937.0,1.000000000,0.139803007,0.015426700,0.000651420
938.0,1.000000000,0.137198001,0.016437501,0.000857830
939.0,1.000000000,0.135707006,0.017018000,0.000976190
940.0,1.000000000,0.134738997,0.017395699,0.001053110
941.0,1.000000000,0.134059995,0.017661300,0.001107160
942.0,1.000000000,0.134141997,0.017907901,0.001147230
943.0,1.000000000,0.136592999,0.018377900,0.001178980
944.0,1.000000000,0.138843998,0.018861299,0.001214450
945.0,1.000000000,0.141261995,0.019302201,0.001249650
946.0,1.000000000,0.142858997,0.019614400,0.001268620
947.0,1.000000000,0.144332007,0.019877100,0.001285200
948.0,1.000000000,0.145030007,0.020011401,0.001292050
949.0,1.000000000,0.145587996,0.020064199,0.001294500
950.0,1.000000000,0.146061003,0.020083699,0.001290290
951.0,1.000000000,0.146356001,0.020091301,0.001280850
952.0,1.000000000,0.146546006,0.020056900,0.001270220
953.0,1.000000000,0.146842003,0.019999599,0.001256000
954.0,1.000000000,0.146844998,0.019886401,0.001237080
955.0,1.000000000,0.146409005,0.019721299,0.001217780
956.0,1.000000000,0.145732000,0.019506801,0.001197360
957.0,1.000000000,0.145032004,0.019296300,0.001176020
958.0,1.000000000,0.144431993,0.019110300,0.001154810
959.0,1.000000000,0.143786997,0.018925000,0.001133650
960.0,1.000000000,0.143289000,0.018724000,0.001112540
961.0,1.000000000,0.142564997,0.018497501,0.001090240
962.0,1.000000000,0.141838998,0.018287901,0.001069060
963.0,1.000000000,0.140962005,0.018073700,0.001047810
964.0,1.000000000,0.140211001,0.017866200,0.001026320
965.0,1.000000000,0.139558002,0.017668201,0.001005450
966.0,1.000000000,0.138793007,0.017458400,0.000983810
967.0,1.000000000,0.138044998,0.017240399,0.000962900
968.0,1.000000000,0.137245998,0.017026599,0.000942880
969.0,1.000000000,0.136289001,0.016793100,0.000923320
970.0,1.000000000,0.135515004,0.016591299,0.000902760
971.0,1.000000000,0.134700000,0.016384600,0.000882520
972.0,1.000000000,0.133912995,0.016178001,0.000863180
973.0,1.000000000,0.133036003,0.015966900,0.000843430
974.0,1.000000000,0.132091001,0.015752500,0.000823340
975.0,1.000000000,0.130950004,0.015499800,0.000804460
976.0,1.000000000,0.130274996,0.015312200,0.000786210
977.0,1.000000000,0.129512995,0.015112400,0.000767910
978.0,1.000000000,0.128567994,0.014904400,0.000750240
979.0,1.000000000,0.127813995,0.014710900,0.000732410
980.0,1.000000000,0.126904994,0.014503200,0.000715980
981.0,1.000000000,0.126075000,0.014312500,0.000699650
982.0,1.000000000,0.125220001,0.014118300,0.000683990
983.0,1.000000000,0.124422997,0.013929800,0.000668510
984.0,1.000000000,0.123652004,0.013752500,0.000653190
985.0,1.000000000,0.122826003,0.013566000,0.000638290
986.0,1.000000000,0.121927999,0.013378200,0.000623830
987.0,1.000000000,0.121205002,0.013212700,0.000609800
988.0,1.000000000,0.120444998,0.013044200,0.000596280
989.0,1.000000000,0.119611003,0.012863600,0.000583350
990.0,1.000000000,0.118819997,0.012690800,0.000570790
991.0,1.000000000,0.118222997,0.012544000,0.000558350
992.0,1.000000000,0.117547996,0.012389200,0.000545930
993.0,1.000000000,0.116705999,0.012217100,0.000534350
994.0,1.000000000,0.115927003,0.012061000,0.000522900
995.0,1.000000000,0.115249000,0.011911500,0.000511320
996.0,1.000000000,0.114546999,0.011764300,0.000500610
997.0,1.000000000,0.113849998,0.011616300,0.000490080
998.0,1.000000000,0.113167003,0.011473300,0.000479540
999.0,1.000000000,0.112447001,0.011331900,0.000469570
1000.0,1.000000000,0.111859001,0.011193300,0.000460030
1001.0,1.000000000,0.111181997,0.011049300,0.000450610
1002.0,1.000000000,0.110395998,0.010907100,0.000441150
1003.0,1.000000000,0.109926000,0.010795000,0.000432360
1004.0,1.000000000,0.109150998,0.010658300,0.000423340
1005.0,1.000000000,0.108566999,0.010533500,0.000414870
1006.0,1.000000000,0.108003996,0.010413400,0.000406810
1007.0,1.000000000,0.107313000,0.010290700,0.000398390
1008.0,1.000000000,0.106693000,0.010163000,0.000390420
1009.0,1.000000000,0.106140003,0.010054000,0.000382700
1010.0,1.000000000,0.105475001,0.009933220,0.000375090
1011.0,1.000000000,0.104842000,0.009817550,0.000367880
1012.0,1.000000000,0.104213998,0.009697260,0.000360440
1013.0,1.000000000,0.103634998,0.009583840,0.000353820
1014.0,1.000000000,0.103169002,0.009484520,0.000346470
1015.0,1.000000000,0.102522999,0.009369920,0.000339500
1016.0,1.000000000,0.101922996,0.009260050,0.000333020
1017.0,1.000000000,0.101402000,0.009165290,0.000326540
1018.0,1.000000000,0.100759000,0.009044000,0.000320540
1019.0,1.000000000,0.100261003,0.008946920,0.000314380
1020.0,1.000000000,0.099672198,0.008850360,0.000308640
1021.0,1.000000000,0.099147402,0.008751080,0.000302530
1022.0,1.000000000,0.098683700,0.008657760,0.000296940
1023.0,1.000000000,0.098072797,0.008552870,0.000291270
1024.0,1.000000000,0.097555101,0.008466520,0.000285960
1025.0,1.000000000,0.097045302,0.008372610,0.000280640
1026.0,1.000000000,0.096588798,0.008286470,0.000275940
1027.0,1.000000000,0.096028201,0.008193300,0.000270680
1028.0,1.000000000,0.095596902,0.008112940,0.000266120
1029.0,1.000000000,0.095068000,0.008025910,0.000261290
1030.0,1.000000000,0.094595999,0.007943230,0.000257010
1031.0,1.000000000,0.094130300,0.007867550,0.000252430
1032.0,1.000000000,0.093664400,0.007779260,0.000247900
1033.0,1.000000000,0.093261696,0.007712270,0.000243500
1034.0,1.000000000,0.092677400,0.007625480,0.000239530
1035.0,1.000000000,0.092260398,0.007548970,0.000235620
1036.0,1.000000000,0.091812097,0.007472850,0.000231420
1037.0,1.000000000,0.091386102,0.007394530,0.000227420
1038.0,1.000000000,0.091022603,0.007323600,0.000223770
1039.0,1.000000000,0.090466700,0.007245870,0.000219970
1040.0,1.000000000,0.090069197,0.007173520,0.000216340
1041.0,1.000000000,0.089698203,0.007108260,0.000212560
1042.0,1.000000000,0.089071602,0.007025950,0.000209110
1043.0,1.000000000,0.088770799,0.006971150,0.000205830
1044.0,1.000000000,0.088304400,0.006902470,0.000202380
1045.0,1.000000000,0.087970801,0.006837020,0.000199000
1046.0,1.000000000,0.087566398,0.006770700,0.000195970
1047.0,1.000000000,0.087065600,0.006704970,0.000192960
1048.0,1.000000000,0.086719297,0.006647450,0.000189960
1049.0,1.000000000,0.086432502,0.006586200,0.000186790
1050.0,1.000000000,0.085990399,0.006521690,0.000183780
1051.0,1.000000000,0.085612603,0.006460170,0.000181120
1052.0,1.000000000,0.085277297,0.006407010,0.000178660
1053.0,1.000000000,0.084832199,0.006344330,0.000175750
1054.0,1.000000000,0.084541500,0.006291690,0.000173020
1055.0,1.000000000,0.084190801,0.006239690,0.000170740
1056.0,1.000000000,0.083754703,0.006179100,0.000168140
1057.0,1.000000000,0.083409898,0.006128570,0.000165750
1058.0,1.000000000,0.083221897,0.006085590,0.000163510
1059.0,1.000000000,0.082776800,0.006029020,0.000161140
1060.0,1.000000000,0.082405001,0.005975290,0.000158770
1061.0,1.000000000,0.082072496,0.005925860,0.000156500
1062.0,1.000000000,0.081776001,0.005878390,0.000154330
1063.0,1.000000000,0.081409998,0.005823560,0.000152010
1064.0,1.000000000,0.081039697,0.005769840,0.000149860
1065.0,1.000000000,0.080686301,0.005725420,0.000147950
1066.0,1.000000000,0.080430001,0.005679750,0.000145960
1067.0,1.000000000,0.080157198,0.005638950,0.000143920
1068.0,1.000000000,0.079789400,0.005588990,0.000142000
1069.0,1.000000000,0.079493701,0.005543040,0.000140050
1070.0,1.000000000,0.079291902,0.005504670,0.000138120
1071.0,1.000000000,0.078923799,0.005457180,0.000136450
1072.0,1.000000000,0.078623399,0.005414080,0.000134590
1073.0,1.000000000,0.078300700,0.005373580,0.000132790
1074.0,1.000000000,0.078046598,0.005330040,0.000131120
1075.0,1.000000000,0.077717803,0.005289500,0.000129450
1076.0,1.000000000,0.077445097,0.005250710,0.000127750
1077.0,1.000000000,0.077299297,0.005221450,0.000126150
1078.0,1.000000000,0.076835699,0.005172130,0.000124680
1079.0,1.000000000,0.076629400,0.005137190,0.000123270
1080.0,1.000000000,0.076437302,0.005103970,0.000121650
1081.0,1.000000000,0.076146998,0.005067610,0.000120230
1082.0,1.000000000,0.075906597,0.005030110,0.000118830
1083.0,1.000000000,0.075550303,0.004989470,0.000117530
1084.0,1.000000000,0.075328603,0.004956780,0.000116220
1085.0,1.000000000,0.075156100,0.004928980,0.000114990
1086.0,1.000000000,0.074840799,0.004889530,0.000113460
1087.0,1.000000000,0.074578702,0.004853740,0.000112090
1088.0,1.000000000,0.074355699,0.004823550,0.000110810
1089.0,1.000000000,0.074072301,0.004788570,0.000109590
1090.0,1.000000000,0.073890798,0.004758310,0.000108490
1091.0,1.000000000,0.073626302,0.004727370,0.000107250
1092.0,1.000000000,0.073458597,0.004698500,0.000105920
1093.0,1.000000000,0.073176302,0.004664820,0.000104740
1094.0,1.000000000,0.072991200,0.004637660,0.000103600
1095.0,1.000000000,0.072650500,0.004601390,0.000102490
1096.0,1.000000000,0.072475702,0.004575770,0.000101490
1097.0,1.000000000,0.072295398,0.004550840,0.000100420
1098.0,1.000000000,0.072040401,0.004516320,0.000099320
1099.0,1.000000000,0.071824402,0.004486550,0.000098220
1100.0,1.000000000,0.071703397,0.004468810,0.000097360
1101.0,1.000000000,0.071417198,0.004435900,0.000096270
1102.0,1.000000000,0.071210802,0.004409000,0.000095390
1103.0,1.000000000,0.071093798,0.004386560,0.000094470
1104.0,1.000000000,0.070854001,0.004359920,0.000093650
1105.0,1.000000000,0.070618503,0.004334720,0.000092770
1106.0,1.000000000,0.070451401,0.004309880,0.000091870
1107.0,1.000000000,0.070349403,0.004290640,0.000091030
1108.0,1.000000000,0.070083402,0.004264900,0.000090110
1109.0,1.000000000,0.069882303,0.004240890,0.000089210
1110.0,1.000000000,0.069771796,0.004218370,0.000088520
1111.0,1.000000000,0.069598101,0.004196500,0.000087670
1112.0,1.000000000,0.069382802,0.004173680,0.000086860
1113.0,1.000000000,0.069210298,0.004151970,0.000086240
1114.0,1.000000000,0.069067299,0.004130420,0.000085590
1115.0,1.000000000,0.068807900,0.004102530,0.000084870
1116.0,1.000000000,0.068695001,0.004085970,0.000084200
1117.0,1.000000000,0.068500899,0.004062830,0.000083540
1118.0,1.000000000,0.068389997,0.004045270,0.000082760
1119.0,1.000000000,0.068187103,0.004022720,0.000082090
1120.0,1.000000000,0.068015598,0.004005230,0.000081360
1121.0,1.000000000,0.067890197,0.003988560,0.000080690
1122.0,1.000000000,0.067687802,0.003966110,0.000080090
1123.0,1.000000000,0.067472100,0.003943960,0.000079430
1124.0,1.000000000,0.067433603,0.003932440,0.000078850
1125.0,1.000000000,0.067207500,0.003907880,0.000078000
1126.0,1.000000000,0.067085698,0.003890200,0.000077390
1127.0,1.000000000,0.066978402,0.003873370,0.000076860
1128.0,1.000000000,0.066822499,0.003857830,0.000076300
1129.0,1.000000000,0.066636398,0.003836950,0.000075700
1130.0,1.000000000,0.066531599,0.003819890,0.000075230
1131.0,1.000000000,0.066454798,0.003808690,0.000074690
1132.0,1.000000000,0.066295803,0.003790560,0.000074220
1133.0,1.000000000,0.066158302,0.003775130,0.000073720
1134.0,1.000000000,0.066043504,0.003759680,0.000073170
1135.0,1.000000000,0.065870799,0.003743030,0.000072630
1136.0,1.000000000,0.065773800,0.003728670,0.000072210
1137.0,1.000000000,0.065634102,0.003712230,0.000071720
1138.0,1.000000000,0.065448903,0.003693360,0.000071200
1139.0,1.000000000,0.065426096,0.003685040,0.000070700
1140.0,1.000000000,0.065300301,0.003673030,0.000070310
1141.0,1.000000000,0.065168701,0.003657250,0.000069990
1142.0,1.000000000,0.065026000,0.003640820,0.000069470
1143.0,1.000000000,0.064885996,0.003627340,0.000068830
1144.0,1.000000000,0.064797200,0.003614330,0.000068500
1145.0,1.000000000,0.064706400,0.003601860,0.000068180
1146.0,1.000000000,0.064562201,0.003590600,0.000067700
1147.0,1.000000000,0.064452797,0.003576130,0.000067330
1148.0,1.000000000,0.064316198,0.003558370,0.000066980
1149.0,1.000000000,0.064265899,0.003551220,0.000066520
1150.0,1.000000000,0.064121597,0.003538040,0.000066000
1151.0,1.000000000,0.064029902,0.003525090,0.000065580
1152.0,1.000000000,0.063973598,0.003516190,0.000065330
1153.0,1.000000000,0.063879199,0.003504500,0.000064970
1154.0,1.000000000,0.063733302,0.003489910,0.000064480
1155.0,1.000000000,0.063648298,0.003480460,0.000064150
1156.0,1.000000000,0.063516699,0.003469080,0.000063900
1157.0,1.000000000,0.063421898,0.003453880,0.000063590
1158.0,1.000000000,0.063464001,0.003451310,0.000063190
1159.0,1.000000000,0.063260898,0.003436860,0.000062780
1160.0,1.000000000,0.063246101,0.003429880,0.000062580
1161.0,1.000000000,0.063188799,0.003420050,0.000062290
1162.0,1.000000000,0.063054897,0.003407590,0.000061930
1163.0,1.000000000,0.062975802,0.003400630,0.000061680
1164.0,1.000000000,0.062877201,0.003392300,0.000061410
1165.0,1.000000000,0.062774703,0.003382890,0.000061110
1166.0,1.000000000,0.062781803,0.003377350,0.000060890
1167.0,1.000000000,0.062640101,0.003366430,0.000060680
1168.0,1.000000000,0.062603503,0.003359170,0.000060410
1169.0,1.000000000,0.062486500,0.003348250,0.000060190
1170.0,1.000000000,0.062433898,0.003342170,0.000059930
1171.0,1.000000000,0.062373500,0.003336580,0.000059670
1172.0,1.000000000,0.062264401,0.003322090,0.000059460
1173.0,1.000000000,0.062252700,0.003317200,0.000059210
1174.0,1.000000000,0.062220700,0.003311510,0.000059070
1175.0,1.000000000,0.062059101,0.003297880,0.000058800
1176.0,1.000000000,0.061979201,0.003291140,0.000058660
1177.0,1.000000000,0.062011201,0.003289220,0.000058330
1178.0,1.000000000,0.061931200,0.003282760,0.000058050
1179.0,1.000000000,0.061837200,0.003273060,0.000057900
1180.0,1.000000000,0.061789099,0.003266880,0.000057730
1181.0,1.000000000,0.061708700,0.003259360,0.000057500
1182.0,1.000000000,0.061647601,0.003254380,0.000057270
1183.0,1.000000000,0.061634701,0.003250280,0.000057030
1184.0,1.000000000,0.061597999,0.003243900,0.000056860
1185.0,1.000000000,0.061485302,0.003234610,0.000056700
1186.0,1.000000000,0.061452098,0.003229420,0.000056630
1187.0,1.000000000,0.061393600,0.003224280,0.000056470
1188.0,1.000000000,0.061339699,0.003219800,0.000056320
1189.0,1.000000000,0.061385799,0.003216950,0.000056190
1190.0,1.000000000,0.061265599,0.003208690,0.000056030
1191.0,1.000000000,0.061256800,0.003205300,0.000055970
1192.0,1.000000000,0.061206900,0.003200010,0.000055740
1193.0,1.000000000,0.061166201,0.003195440,0.000055630
1194.0,1.000000000,0.061068401,0.003189290,0.000055580
1195.0,1.000000000,0.061050002,0.003187760,0.000055470
1196.0,1.000000000,0.061077800,0.003185020,0.000055330
1197.0,1.000000000,0.060970198,0.003176540,0.000055260
1198.0,1.000000000,0.060962401,0.003173570,0.000055160
1199.0,1.000000000,0.060967501,0.003174590,0.000055060
1200.0,1.000000000,0.060906298,0.003169050,0.000054950
1201.0,1.000000000,0.060889799,0.003163910,0.000054900
1202.0,1.000000000,0.060842302,0.003160040,0.000054760
1203.0,1.000000000,0.060766499,0.003156500,0.000054610
1204.0,1.000000000,0.060763601,0.003153150,0.000054440
1205.0,1.000000000,0.060712598,0.003147820,0.000054270
1206.0,1.000000000,0.060761500,0.003149120,0.000054190
1207.0,1.000000000,0.060670700,0.003142830,0.000054160
1208.0,1.000000000,0.060601201,0.003136900,0.000054060
1209.0,1.000000000,0.060644101,0.003136190,0.000053840
1210.0,1.000000000,0.060596600,0.003132000,0.000053810
1211.0,1.000000000,0.060555201,0.003131280,0.000053780
1212.0,1.000000000,0.060572300,0.003130770,0.000053670
1213.0,1.000000000,0.060522199,0.003123980,0.000053570
1214.0,1.000000000,0.060515299,0.003121110,0.000053540
1215.0,1.000000000,0.060464300,0.003119650,0.000053400
1216.0,1.000000000,0.060490198,0.003120340,0.000053430
1217.0,1.000000000,0.060489599,0.003117920,0.000053230
1218.0,1.000000000,0.060369700,0.003111560,0.000053170
1219.0,1.000000000,0.060404200,0.003113260,0.000053180
1220.0,1.000000000,0.060419600,0.003111980,0.000053170
1221.0,1.000000000,0.060357500,0.003107610,0.000053090
1222.0,1.000000000,0.060382199,0.003110460,0.000053070
1223.0,1.000000000,0.060421299,0.003109480,0.000053080
1224.0,1.000000000,0.060344700,0.003105180,0.000052990
1225.0,1.000000000,0.060330100,0.003105100,0.000053100
1226.0,1.000000000,0.060421899,0.003108180,0.000053160
1227.0,1.000000000,0.060387101,0.003106780,0.000053110
1228.0,1.000000000,0.060369000,0.003105600,0.000053000
1229.0,1.000000000,0.060347199,0.003104330,0.000052930
1230.0,1.000000000,0.060347501,0.003104400,0.000052860
1231.0,1.000000000,0.060346600,0.003102980,0.000052920
1232.0,1.000000000,0.060333099,0.003100880,0.000052900
1233.0,1.000000000,0.060373899,0.003104600,0.000053030
1234.0,1.000000000,0.060338199,0.003102690,0.000052960
1235.0,1.000000000,0.060314700,0.003101560,0.000052930
1236.0,1.000000000,0.060314000,0.003102050,0.000052900
1237.0,1.000000000,0.060373701,0.003104960,0.000053020
1238.0,1.000000000,0.060374301,0.003104650,0.000053050
1239.0,1.000000000,0.060396802,0.003105040,0.000052930
1240.0,1.000000000,0.060371600,0.003107100,0.000052920
1241.0,1.000000000,0.060345501,0.003105130,0.000053010
1242.0,1.000000000,0.060358800,0.003104130,0.000052980
1243.0,1.000000000,0.060363200,0.003104700,0.000052970
1244.0,1.000000000,0.060373101,0.003106230,0.000052940
1245.0,1.000000000,0.060392901,0.003107620,0.000052970
1246.0,1.000000000,0.060372900,0.003105910,0.000052910
1247.0,1.000000000,0.060382102,0.003103290,0.000052910
1248.0,1.000000000,0.060399301,0.003105970,0.000052920
1249.0,1.000000000,0.060400899,0.003107790,0.000052980
1250.0,1.000000000,0.060416501,0.003110070,0.000052950
1251.0,1.000000000,0.060463700,0.003113980,0.000053050
1252.0,1.000000000,0.060458001,0.003113250,0.000053090
1253.0,1.000000000,0.060454801,0.003113170,0.000053090
1254.0,1.000000000,0.060472600,0.003116230,0.000053060
1255.0,1.000000000,0.060473401,0.003117170,0.000053160
1256.0,1.000000000,0.060454600,0.003120260,0.000053240
1257.0,1.000000000,0.060524099,0.003123240,0.000053310
1258.0,1.000000000,0.060562201,0.003124050,0.000053460
1259.0,1.000000000,0.060603201,0.003127180,0.000053530
1260.0,1.000000000,0.060642101,0.003131330,0.000053400
1261.0,1.000000000,0.060628999,0.003131480,0.000053480
1262.0,1.000000000,0.060618199,0.003129320,0.000053520
1263.0,1.000000000,0.060655199,0.003137370,0.000053620
1264.0,1.000000000,0.060671199,0.003137750,0.000053770
1265.0,1.000000000,0.060736001,0.003143250,0.000053910
1266.0,1.000000000,0.060737401,0.003145540,0.000053940
1267.0,1.000000000,0.060783099,0.003148750,0.000053980
1268.0,1.000000000,0.060853500,0.003152040,0.000054160
1269.0,1.000000000,0.060862701,0.003156670,0.000054270
1270.0,1.000000000,0.060915701,0.003159290,0.000054250
1271.0,1.000000000,0.060904600,0.003160770,0.000054320
1272.0,1.000000000,0.060899399,0.003163660,0.000054490
1273.0,1.000000000,0.061003800,0.003169650,0.000054610
1274.0,1.000000000,0.061021499,0.003172090,0.000054630
1275.0,1.000000000,0.061039701,0.003173890,0.000054800
1276.0,1.000000000,0.061079800,0.003177720,0.000055000
1277.0,1.000000000,0.061127100,0.003183300,0.000055020
1278.0,1.000000000,0.061228801,0.003188970,0.000055100
1279.0,1.000000000,0.061190899,0.003190950,0.000055140
1280.0,1.000000000,0.061251599,0.003194100,0.000055200
1281.0,1.000000000,0.061148100,0.003192660,0.000055290
1282.0,1.000000000,0.061308499,0.003203970,0.000055440
1283.0,1.000000000,0.061326299,0.003208510,0.000055580
1284.0,1.000000000,0.061372101,0.003212420,0.000055730
1285.0,1.000000000,0.061463501,0.003216720,0.000055780
1286.0,1.000000000,0.061454002,0.003219280,0.000055850
1287.0,1.000000000,0.061552100,0.003226000,0.000056030
1288.0,1.000000000,0.061501700,0.003223730,0.000056210
1289.0,1.000000000,0.061647300,0.003237350,0.000056390
1290.0,1.000000000,0.061631698,0.003237880,0.000056520
1291.0,1.000000000,0.061672900,0.003241970,0.000056630
1292.0,1.000000000,0.061744101,0.003249430,0.000056770
1293.0,1.000000000,0.061811700,0.003256420,0.000056940
1294.0,1.000000000,0.061788600,0.003256520,0.000057060
1295.0,1.000000000,0.061866999,0.003263250,0.000057190
1296.0,1.000000000,0.061928201,0.003269160,0.000057320
1297.0,1.000000000,0.061992001,0.003276390,0.000057580
1298.0,1.000000000,0.062019400,0.003281680,0.000057620
1299.0,1.000000000,0.062067501,0.003288390,0.000057850
1300.0,1.000000000,0.062166002,0.003295800,0.000058050
1301.0,1.000000000,0.062197000,0.003298410,0.000058160
1302.0,1.000000000,0.062248800,0.003304900,0.000058310
1303.0,1.000000000,0.062303301,0.003311060,0.000058530
1304.0,1.000000000,0.062403299,0.003318950,0.000058650
1305.0,1.000000000,0.062388498,0.003322530,0.000058900
1306.0,1.000000000,0.062511697,0.003332860,0.000059090
1307.0,1.000000000,0.062516198,0.003336390,0.000059260
1308.0,1.000000000,0.062621802,0.003345150,0.000059370
1309.0,1.000000000,0.062650800,0.003351110,0.000059570
1310.0,1.000000000,0.062732898,0.003356360,0.000059710
1311.0,1.000000000,0.062792100,0.003360840,0.000059930
1312.0,1.000000000,0.062883303,0.003368830,0.000060220
1313.0,1.000000000,0.062882401,0.003376700,0.000060480
1314.0,1.000000000,0.062995099,0.003385570,0.000060630
1315.0,1.000000000,0.063084804,0.003392680,0.000060940
1316.0,1.000000000,0.063118003,0.003400150,0.000061080
1317.0,1.000000000,0.063175000,0.003408200,0.000061310
1318.0,1.000000000,0.063284501,0.003416860,0.000061520
1319.0,1.000000000,0.063344397,0.003422900,0.000061740
1320.0,1.000000000,0.063352302,0.003427630,0.000061860
1321.0,1.000000000,0.063479804,0.003439900,0.000062250
1322.0,1.000000000,0.063573599,0.003449110,0.000062440
1323.0,1.000000000,0.063584000,0.003453600,0.000062690
1324.0,1.000000000,0.063703999,0.003462030,0.000062930
1325.0,1.000000000,0.063701101,0.003465580,0.000063110
1326.0,1.000000000,0.063827500,0.003476730,0.000063370
1327.0,1.000000000,0.063916199,0.003488790,0.000063600
1328.0,1.000000000,0.063963301,0.003493700,0.000063960
1329.0,1.000000000,0.064102203,0.003506520,0.000064260
1330.0,1.000000000,0.064003102,0.003509500,0.000064410
1331.0,1.000000000,0.064149603,0.003520320,0.000064750
1332.0,1.000000000,0.064285502,0.003532450,0.000064960
1333.0,1.000000000,0.064340897,0.003540760,0.000065270
1334.0,1.000000000,0.064443000,0.003549880,0.000065640
1335.0,1.000000000,0.064542800,0.003559290,0.000065810
1336.0,1.000000000,0.064643100,0.003569680,0.000066180
1337.0,1.000000000,0.064675704,0.003576970,0.000066570
1338.0,1.000000000,0.064763702,0.003586760,0.000066940
1339.0,1.000000000,0.064848997,0.003595770,0.000067230
1340.0,1.000000000,0.064930797,0.003605650,0.000067580
1341.0,1.000000000,0.065040901,0.003616890,0.000067740
1342.0,1.000000000,0.065110400,0.003625280,0.000068000
1343.0,1.000000000,0.065235503,0.003637410,0.000068420
1344.0,1.000000000,0.065289900,0.003645480,0.000068780
1345.0,1.000000000,0.065381601,0.003656240,0.000069080
1346.0,1.000000000,0.065468997,0.003667120,0.000069490
1347.0,1.000000000,0.065537199,0.003676180,0.000069920
1348.0,1.000000000,0.065637201,0.003686690,0.000070090
1349.0,1.000000000,0.065732002,0.003698910,0.000070670
1350.0,1.000000000,0.065869398,0.003710390,0.000071080
1351.0,1.000000000,0.066012099,0.003723970,0.000071440
1352.0,1.000000000,0.066036403,0.003730350,0.000071830
1353.0,1.000000000,0.066202499,0.003746280,0.000072290
1354.0,1.000000000,0.066190399,0.003750940,0.000072610
1355.0,1.000000000,0.066299297,0.003763110,0.000073060
1356.0,1.000000000,0.066361599,0.003771920,0.000073430
1357.0,1.000000000,0.066513002,0.003788630,0.000073820
1358.0,1.000000000,0.066650502,0.003802210,0.000074290
1359.0,1.000000000,0.066676699,0.003811310,0.000074730
1360.0,1.000000000,0.066803500,0.003823130,0.000075230
1361.0,1.000000000,0.066910900,0.003836600,0.000075620
1362.0,1.000000000,0.066984802,0.003847710,0.000075990
1363.0,1.000000000,0.067040600,0.003857290,0.000076370
1364.0,1.000000000,0.067201898,0.003869770,0.000076920
1365.0,1.000000000,0.067320898,0.003884350,0.000077330
1366.0,1.000000000,0.067394398,0.003898310,0.000077680
1367.0,1.000000000,0.067497201,0.003910300,0.000078170
1368.0,1.000000000,0.067632802,0.003927430,0.000078660
1369.0,1.000000000,0.067686602,0.003937590,0.000079170
1370.0,1.000000000,0.067800499,0.003948630,0.000079690
1371.0,1.000000000,0.067903601,0.003961860,0.000080320
1372.0,1.000000000,0.068094797,0.003982960,0.000080750
1373.0,1.000000000,0.068168700,0.003992930,0.000081290
1374.0,1.000000000,0.068282999,0.004003880,0.000081740
1375.0,1.000000000,0.068471797,0.004024640,0.000082330
1376.0,1.000000000,0.068587199,0.004040580,0.000083030
1377.0,1.000000000,0.068669803,0.004053560,0.000083770
1378.0,1.000000000,0.068745397,0.004067280,0.000084380
1379.0,1.000000000,0.068926699,0.004083850,0.000084840
1380.0,1.000000000,0.069031298,0.004101040,0.000085410
1381.0,1.000000000,0.069134802,0.004116710,0.000086190
1382.0,1.000000000,0.069263503,0.004133040,0.000086860
1383.0,1.000000000,0.069297299,0.004144440,0.000087410
1384.0,1.000000000,0.069402099,0.004158080,0.000088070
1385.0,1.000000000,0.069582202,0.004175430,0.000088580
1386.0,1.000000000,0.069684297,0.004191720,0.000089160
1387.0,1.000000000,0.069862403,0.004208860,0.000090040
1388.0,1.000000000,0.070030302,0.004228980,0.000090510
1389.0,1.000000000,0.070071600,0.004242890,0.000090900
1390.0,1.000000000,0.070231900,0.004261150,0.000091730
1391.0,1.000000000,0.070323102,0.004274890,0.000092300
1392.0,1.000000000,0.070440203,0.004287590,0.000092880
1393.0,1.000000000,0.070477098,0.004298630,0.000093300
1394.0,1.000000000,0.070701897,0.004318890,0.000093620
1395.0,1.000000000,0.070713602,0.004326550,0.000093930
1396.0,1.000000000,0.070939600,0.004348110,0.000094340
1397.0,1.000000000,0.071085297,0.004367340,0.000094830
1398.0,1.000000000,0.071203597,0.004381690,0.000095230
1399.0,1.000000000,0.071263097,0.004391840,0.000095810
1400.0,1.000000000,0.071411401,0.004408540,0.000096300
1401.0,1.000000000,0.071528398,0.004424800,0.000096720
1402.0,1.000000000,0.071626797,0.004440660,0.000097410
1403.0,1.000000000,0.071753301,0.004460140,0.000098070
1404.0,1.000000000,0.071872301,0.004473930,0.000098430
1405.0,1.000000000,0.071949601,0.004486530,0.000098880
1406.0,1.000000000,0.072113201,0.004506310,0.000099420
1407.0,1.000000000,0.072205797,0.004521220,0.000100160
1408.0,1.000000000,0.072266802,0.004532470,0.000100610
1409.0,1.000000000,0.072447099,0.004550110,0.000101290
1410.0,1.000000000,0.072521098,0.004563490,0.000101910
1411.0,1.000000000,0.072691903,0.004585480,0.000102460
1412.0,1.000000000,0.072738297,0.004598180,0.000103140
1413.0,1.000000000,0.072852097,0.004615280,0.000103730
1414.0,1.000000000,0.073023900,0.004635600,0.000104260
1415.0,1.000000000,0.073069997,0.004648910,0.000104860
1416.0,1.000000000,0.073215201,0.004666430,0.000105780
1417.0,1.000000000,0.073336899,0.004686380,0.000106600
1418.0,1.000000000,0.073461801,0.004702640,0.000107330
1419.0,1.000000000,0.073551998,0.004720280,0.000107990
1420.0,1.000000000,0.073701397,0.004737980,0.000108700
1421.0,1.000000000,0.073846802,0.004759590,0.000109480
1422.0,1.000000000,0.073920898,0.004775590,0.000110250
1423.0,1.000000000,0.074078798,0.004797450,0.000111060
1424.0,1.000000000,0.074253000,0.004819310,0.000111940
1425.0,1.000000000,0.074411698,0.004842550,0.000112780
1426.0,1.000000000,0.074539497,0.004860350,0.000113690
1427.0,1.000000000,0.074628100,0.004877700,0.000114670
1428.0,1.000000000,0.074769400,0.004898970,0.000115340
1429.0,1.000000000,0.074941903,0.004920580,0.000116020
1430.0,1.000000000,0.075116500,0.004944680,0.000117100
1431.0,1.000000000,0.075227000,0.004963510,0.000117860
1432.0,1.000000000,0.075410098,0.004987880,0.000118900
1433.0,1.000000000,0.075621597,0.005017100,0.000119740
1434.0,1.000000000,0.075721197,0.005037110,0.000120490
1435.0,1.000000000,0.075891897,0.005056560,0.000121510
1436.0,1.000000000,0.076022603,0.005076110,0.000122440
1437.0,1.000000000,0.076244399,0.005103980,0.000123610
1438.0,1.000000000,0.076429397,0.005128390,0.000124350
1439.0,1.000000000,0.076630697,0.005154930,0.000125690
1440.0,1.000000000,0.076810300,0.005179250,0.000126650
1441.0,1.000000000,0.077028997,0.005205750,0.000127690
1442.0,1.000000000,0.077117898,0.005224100,0.000128650
1443.0,1.000000000,0.077218600,0.005250490,0.000129790
1444.0,1.000000000,0.077429399,0.005276160,0.000130910
1445.0,1.000000000,0.077790603,0.005313210,0.000131910
1446.0,1.000000000,0.077854402,0.005329560,0.000132870
1447.0,1.000000000,0.078034103,0.005354640,0.000133940
1448.0,1.000000000,0.078193203,0.005380930,0.000135110
1449.0,1.000000000,0.078358702,0.005407460,0.000136150
1450.0,1.000000000,0.078544997,0.005432350,0.000137480
1451.0,1.000000000,0.078853898,0.005466630,0.000138830
1452.0,1.000000000,0.079019599,0.005495170,0.000139970
1453.0,1.000000000,0.079200000,0.005522410,0.000141270
1454.0,1.000000000,0.079319499,0.005543930,0.000142320
1455.0,1.000000000,0.079584397,0.005575840,0.000143530
1456.0,1.000000000,0.079776399,0.005605290,0.000144770
1457.0,1.000000000,0.080016799,0.005636740,0.000146080
1458.0,1.000000000,0.080147900,0.005662550,0.000147410
1459.0,1.000000000,0.080414601,0.005699890,0.000148790
1460.0,1.000000000,0.080515496,0.005721560,0.000150110
1461.0,1.000000000,0.080734201,0.005752970,0.000151500
1462.0,1.000000000,0.081076697,0.005790540,0.000152820
1463.0,1.000000000,0.081222199,0.005816260,0.000154020
1464.0,1.000000000,0.081356302,0.005840330,0.000155340
1465.0,1.000000000,0.081640303,0.005876220,0.000156850
1466.0,1.000000000,0.081809498,0.005906740,0.000158410
1467.0,1.000000000,0.082009397,0.005933900,0.000159840
1468.0,1.000000000,0.082168899,0.005962150,0.000161110
1469.0,1.000000000,0.082499303,0.006003750,0.000162640
1470.0,1.000000000,0.082709998,0.006037740,0.000164260
1471.0,1.000000000,0.082902104,0.006064960,0.000165770
1472.0,1.000000000,0.083100401,0.006098060,0.000167030
1473.0,1.000000000,0.083302997,0.006131760,0.000168770
1474.0,1.000000000,0.083549500,0.006164820,0.000170270
1475.0,1.000000000,0.083808899,0.006205030,0.000171900
1476.0,1.000000000,0.083916001,0.006227960,0.000173380
1477.0,1.000000000,0.084277302,0.006271300,0.000175040
1478.0,1.000000000,0.084338002,0.006297170,0.000176720
1479.0,1.000000000,0.084712699,0.006341530,0.000178620
1480.0,1.000000000,0.084887400,0.006373320,0.000179990
1481.0,1.000000000,0.085105799,0.006409400,0.000181780
1482.0,1.000000000,0.085357800,0.006444330,0.000183670
1483.0,1.000000000,0.085580699,0.006479150,0.000185280
1484.0,1.000000000,0.085762098,0.006510240,0.000186990
1485.0,1.000000000,0.086061798,0.006552700,0.000188710
1486.0,1.000000000,0.086240202,0.006587120,0.000190450
1487.0,1.000000000,0.086531997,0.006624040,0.000192180
1488.0,1.000000000,0.086759500,0.006662020,0.000194230
1489.0,1.000000000,0.086944900,0.006697970,0.000196170
1490.0,1.000000000,0.087125003,0.006731370,0.000198230
1491.0,1.000000000,0.087467998,0.006776510,0.000200030
1492.0,1.000000000,0.087800696,0.006823020,0.000201890
1493.0,1.000000000,0.087843098,0.006848920,0.000203670
1494.0,1.000000000,0.088168100,0.006886530,0.000205510
1495.0,1.000000000,0.088329099,0.006921750,0.000207660
1496.0,1.000000000,0.088623099,0.006966300,0.000209840
1497.0,1.000000000,0.088921703,0.007008200,0.000211840
1498.0,1.000000000,0.089154698,0.007049720,0.000213820
1499.0,1.000000000,0.089374296,0.007087090,0.000215870
1500.0,1.000000000,0.089700498,0.007133110,0.000218000
1501.0,1.000000000,0.089753002,0.007162220,0.000220210
1502.0,1.000000000,0.090168700,0.007214230,0.000222210
1503.0,1.000000000,0.090290204,0.007246120,0.000224220
1504.0,1.000000000,0.090596400,0.007288950,0.000226660
1505.0,1.000000000,0.090745702,0.007323500,0.000228970
1506.0,1.000000000,0.091066197,0.007367370,0.000231050
1507.0,1.000000000,0.091365799,0.007415900,0.000233410
1508.0,1.000000000,0.091677099,0.007461860,0.000235810
1509.0,1.000000000,0.091850497,0.007497480,0.000237910
1510.0,1.000000000,0.092059799,0.007535680,0.000240170
1511.0,1.000000000,0.092400402,0.007586960,0.000242570
1512.0,1.000000000,0.092659198,0.007635480,0.000245040
1513.0,1.000000000,0.092899702,0.007676470,0.000247520
1514.0,1.000000000,0.093111299,0.007716520,0.000250200
1515.0,1.000000000,0.093366101,0.007762200,0.000252650
1516.0,1.000000000,0.093726501,0.007815010,0.000255200
1517.0,1.000000000,0.093925104,0.007850850,0.000257710
1518.0,1.000000000,0.094212003,0.007900340,0.000260580
1519.0,1.000000000,0.094389498,0.007942500,0.000262880
1520.0,1.000000000,0.094790399,0.007999710,0.000265550
1521.0,1.000000000,0.094914801,0.008035870,0.000268140
1522.0,1.000000000,0.095273003,0.008088640,0.000270840
1523.0,1.000000000,0.095626801,0.008139920,0.000273490
1524.0,1.000000000,0.095825396,0.008184030,0.000276480
1525.0,1.000000000,0.095979497,0.008225840,0.000279240
1526.0,1.000000000,0.096388102,0.008286380,0.000281980
1527.0,1.000000000,0.096494198,0.008320440,0.000284900
1528.0,1.000000000,0.096932501,0.008377320,0.000287870
1529.0,1.000000000,0.097248197,0.008430060,0.000290890
1530.0,1.000000000,0.097415000,0.008476040,0.000293680
1531.0,1.000000000,0.097657099,0.008521950,0.000296810
1532.0,1.000000000,0.097937196,0.008572160,0.000299580
1533.0,1.000000000,0.098241799,0.008624670,0.000302380
1534.0,1.000000000,0.098565601,0.008679180,0.000305630
1535.0,1.000000000,0.098980099,0.008737600,0.000308700
1536.0,1.000000000,0.099023104,0.008768310,0.000311730
1537.0,1.000000000,0.099399902,0.008827770,0.000314840
1538.0,1.000000000,0.099663697,0.008880660,0.000317950
1539.0,1.000000000,0.099955097,0.008932010,0.000321440
1540.0,1.000000000,0.100225002,0.008982120,0.000324570
1541.0,1.000000000,0.100520998,0.009041770,0.000327710
1542.0,1.000000000,0.100745000,0.009083760,0.000331190
1543.0,1.000000000,0.101187997,0.009149010,0.000334560
1544.0,1.000000000,0.101439998,0.009200980,0.000337820
1545.0,1.000000000,0.101646997,0.009253290,0.000341290
1546.0,1.000000000,0.101815000,0.009301040,0.000344920
1547.0,1.000000000,0.102245003,0.009364190,0.000348800
1548.0,1.000000000,0.102587998,0.009427900,0.000352000
1549.0,1.000000000,0.102799997,0.009475730,0.000355320
1550.0,1.000000000,0.103107996,0.009531190,0.000358910
1551.0,1.000000000,0.103472002,0.009590770,0.000362690
1552.0,1.000000000,0.103656001,0.009636780,0.000366400
1553.0,1.000000000,0.103947997,0.009694200,0.000369850
1554.0,1.000000000,0.104409002,0.009767300,0.000373660
1555.0,1.000000000,0.104656003,0.009818130,0.000377740
1556.0,1.000000000,0.104840003,0.009863120,0.000381610
1557.0,1.000000000,0.105168998,0.009924580,0.000385430
1558.0,1.000000000,0.105492003,0.009985340,0.000389390
1559.0,1.000000000,0.105860002,0.010050700,0.000393210
1560.0,1.000000000,0.106183998,0.010113100,0.000396980
1561.0,1.000000000,0.106279001,0.010155100,0.000401010
1562.0,1.000000000,0.106706999,0.010225200,0.000405590
1563.0,1.000000000,0.107009001,0.010286400,0.000409240
1564.0,1.000000000,0.107266001,0.010340900,0.000413420
1565.0,1.000000000,0.107632004,0.010408600,0.000417650
1566.0,1.000000000,0.108032003,0.010478400,0.000421700
1567.0,1.000000000,0.108181000,0.010523500,0.000425670
1568.0,1.000000000,0.108606003,0.010595800,0.000430340
1569.0,1.000000000,0.108696997,0.010642800,0.000434550
1570.0,1.000000000,0.109168001,0.010721500,0.000439310
1571.0,1.000000000,0.109503999,0.010783200,0.000443550
1572.0,1.000000000,0.109722003,0.010840400,0.000447780
1573.0,1.000000000,0.110044003,0.010900800,0.000452360
1574.0,1.000000000,0.110339001,0.010961100,0.000456780
1575.0,1.000000000,0.110754997,0.011034300,0.000461600
1576.0,1.000000000,0.111036003,0.011099200,0.000466230
1577.0,1.000000000,0.111304998,0.011162700,0.000471130
1578.0,1.000000000,0.111528002,0.011218100,0.000475550
1579.0,1.000000000,0.111966997,0.011293700,0.000480290
1580.0,1.000000000,0.112269998,0.011356200,0.000485010
1581.0,1.000000000,0.112562001,0.011426000,0.000489730
1582.0,1.000000000,0.112919003,0.011495000,0.000494590
1583.0,1.000000000,0.113098003,0.011552600,0.000499400
1584.0,1.000000000,0.113503002,0.011621500,0.000504440
1585.0,1.000000000,0.113828003,0.011690400,0.000509470
1586.0,1.000000000,0.114061996,0.011753100,0.000514620
1587.0,1.000000000,0.114495002,0.011829200,0.000519900
1588.0,1.000000000,0.114791997,0.011890800,0.000524610
1589.0,1.000000000,0.115121998,0.011959900,0.000529640
1590.0,1.000000000,0.115415998,0.012026900,0.000535060
1591.0,1.000000000,0.115717001,0.012100200,0.000540540
1592.0,1.000000000,0.116122998,0.012177800,0.000545670
1593.0,1.000000000,0.116260000,0.012230500,0.000551310
1594.0,1.000000000,0.116625004,0.012300800,0.000556250
1595.0,1.000000000,0.116999999,0.012374300,0.000561760
1596.0,1.000000000,0.117357001,0.012452400,0.000567100
1597.0,1.000000000,0.117668003,0.012523000,0.000572470
1598.0,1.000000000,0.117902003,0.012581700,0.000577950
1599.0,1.000000000,0.118276998,0.012652000,0.000583400
1600.0,1.000000000,0.118588001,0.012726500,0.000589200
1601.0,1.000000000,0.118923001,0.012797500,0.000595050
1602.0,1.000000000,0.119230002,0.012870800,0.000600740
1603.0,1.000000000,0.119612001,0.012951300,0.000606490
1604.0,1.000000000,0.119897999,0.013018500,0.000611800
1605.0,1.000000000,0.120180003,0.013084700,0.000617530
1606.0,1.000000000,0.120535001,0.013154600,0.000623570
1607.0,1.000000000,0.120921999,0.013241300,0.000629380
1608.0,1.000000000,0.121145003,0.013304000,0.000635640
1609.0,1.000000000,0.121404000,0.013373700,0.000641520
1610.0,1.000000000,0.121789999,0.013455600,0.000647830
1611.0,1.000000000,0.122199997,0.013533900,0.000653940
1612.0,1.000000000,0.122428998,0.013593600,0.000660350
1613.0,1.000000000,0.122855000,0.013681400,0.000666460
1614.0,1.000000000,0.123156004,0.013754800,0.000672220
1615.0,1.000000000,0.123383000,0.013816700,0.000678860
1616.0,1.000000000,0.123814002,0.013905300,0.000684580
1617.0,1.000000000,0.124104001,0.013975600,0.000691250
1618.0,1.000000000,0.124406002,0.014047100,0.000697300
1619.0,1.000000000,0.124697998,0.014123400,0.000703750
1620.0,1.000000000,0.124959998,0.014196000,0.000710430
1621.0,1.000000000,0.125297993,0.014274600,0.000717130
1622.0,1.000000000,0.125687003,0.014359400,0.000723550
1623.0,1.000000000,0.126065001,0.014437900,0.000730380
1624.0,1.000000000,0.126384005,0.014511500,0.000736810
1625.0,1.000000000,0.126678005,0.014581900,0.000743540
1626.0,1.000000000,0.127068996,0.014667300,0.000750070
1627.0,1.000000000,0.127250001,0.014737900,0.000757000
1628.0,1.000000000,0.127698004,0.014828000,0.000763770
1629.0,1.000000000,0.128006995,0.014900100,0.000770560
1630.0,1.000000000,0.128252000,0.014969300,0.000777560
1631.0,1.000000000,0.128564999,0.015049300,0.000784520
1632.0,1.000000000,0.128981993,0.015131400,0.000791520
1633.0,1.000000000,0.129299000,0.015205400,0.000797550
1634.0,1.000000000,0.129574001,0.015278000,0.000804610
1635.0,1.000000000,0.129811004,0.015348200,0.000812340
1636.0,1.000000000,0.130276993,0.015444700,0.000819350
1637.0,1.000000000,0.130478993,0.015514800,0.000826120
1638.0,1.000000000,0.130803004,0.015600400,0.000833670
1639.0,1.000000000,0.131251007,0.015682699,0.000840460
1640.0,1.000000000,0.131613001,0.015773101,0.000847620
1641.0,1.000000000,0.131754994,0.015830800,0.000854670
1642.0,1.000000000,0.132067993,0.015907399,0.000861890
1643.0,1.000000000,0.132418007,0.015989700,0.000869150
1644.0,1.000000000,0.132762000,0.016075600,0.000876260
1645.0,1.000000000,0.133074000,0.016154500,0.000883870
1646.0,1.000000000,0.133355007,0.016223000,0.000891040
1647.0,1.000000000,0.133688003,0.016306199,0.000898450
1648.0,1.000000000,0.134101003,0.016394399,0.000905930
1649.0,1.000000000,0.134303004,0.016471000,0.000913630
1650.0,1.000000000,0.134715006,0.016558001,0.000921090
1651.0,1.000000000,0.134865001,0.016619500,0.000928570
1652.0,1.000000000,0.135141999,0.016700000,0.000936450
1653.0,1.000000000,0.135553002,0.016789000,0.000943970
1654.0,1.000000000,0.135868996,0.016867900,0.000951900
1655.0,1.000000000,0.136218995,0.016953500,0.000959400
1656.0,1.000000000,0.136553004,0.017030200,0.000966970
1657.0,1.000000000,0.136805996,0.017099800,0.000974720
1658.0,1.000000000,0.137108997,0.017179400,0.000982560
1659.0,1.000000000,0.137532994,0.017274700,0.000989680
1660.0,1.000000000,0.137770995,0.017344801,0.000997240
1661.0,1.000000000,0.137930006,0.017408401,0.001005340
1662.0,1.000000000,0.138265997,0.017492101,0.001013430
1663.0,1.000000000,0.138681993,0.017584300,0.001021380
1664.0,1.000000000,0.139020994,0.017670300,0.001029030
1665.0,1.000000000,0.139245003,0.017743001,0.001037040
1666.0,1.000000000,0.139475003,0.017803101,0.001044790
1667.0,1.000000000,0.139837995,0.017895900,0.001052870
1668.0,1.000000000,0.140267998,0.017991800,0.001060230
1669.0,1.000000000,0.140506998,0.018061601,0.001068690
1670.0,1.000000000,0.140742004,0.018131901,0.001076320
1671.0,1.000000000,0.141035005,0.018214300,0.001084730
1672.0,1.000000000,0.141314998,0.018294500,0.001093390
1673.0,1.000000000,0.141714007,0.018383900,0.001101060
1674.0,1.000000000,0.142023996,0.018467501,0.001109250
1675.0,1.000000000,0.142230004,0.018536201,0.001117000
1676.0,1.000000000,0.142407998,0.018599600,0.001124370
1677.0,1.000000000,0.142828003,0.018688001,0.001133200
1678.0,1.000000000,0.143127993,0.018770801,0.001140520
1679.0,1.000000000,0.143335998,0.018845400,0.001149340
1680.0,1.000000000,0.143674001,0.018923299,0.001157440
1681.0,1.000000000,0.143970996,0.019004500,0.001165530
1682.0,1.000000000,0.144211993,0.019083699,0.001173580
1683.0,1.000000000,0.144537002,0.019162999,0.001181890
1684.0,1.000000000,0.144839004,0.019241299,0.001189760
1685.0,1.000000000,0.145023003,0.019311700,0.001198330
1686.0,1.000000000,0.145340994,0.019388000,0.001206110
1687.0,1.000000000,0.145566002,0.019458300,0.001213750
1688.0,1.000000000,0.145800993,0.019534100,0.001222480
1689.0,1.000000000,0.146136999,0.019622000,0.001230230
1690.0,1.000000000,0.146433994,0.019690599,0.001237570
1691.0,1.000000000,0.146818995,0.019775299,0.001246450
1692.0,1.000000000,0.146957994,0.019840401,0.001253630
1693.0,1.000000000,0.147260994,0.019929400,0.001262200
1694.0,1.000000000,0.147430003,0.019995300,0.001269990
1695.0,1.000000000,0.147727996,0.020067999,0.001279200
1696.0,1.000000000,0.148065999,0.020142199,0.001287370
1697.0,1.000000000,0.148257002,0.020219600,0.001295060
1698.0,1.000000000,0.148565993,0.020292200,0.001303450
1699.0,1.000000000,0.148993999,0.020388599,0.001311250
1700.0,1.000000000,0.149047002,0.020436401,0.001318510
1701.0,1.000000000,0.149290994,0.020502400,0.001326060
1702.0,1.000000000,0.149587005,0.020579500,0.001333890
1703.0,1.000000000,0.149797007,0.020655600,0.001342100
1704.0,1.000000000,0.149995998,0.020713801,0.001350730
1705.0,1.000000000,0.150350004,0.020806201,0.001359340
1706.0,1.000000000,0.150626004,0.020871500,0.001367320
1707.0,1.000000000,0.150791004,0.020935999,0.001373830
1708.0,1.000000000,0.150988996,0.021014100,0.001382030
1709.0,1.000000000,0.151435003,0.021098901,0.001390290
1710.0,1.000000000,0.151470006,0.021145601,0.001397310
1711.0,1.000000000,0.151761994,0.021232899,0.001405740
1712.0,1.000000000,0.152049005,0.021306099,0.001413900
1713.0,1.000000000,0.152160004,0.021356300,0.001421920
1714.0,1.000000000,0.152550995,0.021440800,0.001429770
1715.0,1.000000000,0.152694002,0.021497700,0.001437190
1716.0,1.000000000,0.152995005,0.021574199,0.001445240
1717.0,1.000000000,0.153115004,0.021625301,0.001452720
1718.0,1.000000000,0.153537005,0.021715200,0.001460890
1719.0,1.000000000,0.153706998,0.021777600,0.001468350
1720.0,1.000000000,0.153824002,0.021836700,0.001476540
1721.0,1.000000000,0.154085994,0.021903900,0.001483680
1722.0,1.000000000,0.154318005,0.021974100,0.001491000
1723.0,1.000000000,0.154596001,0.022050800,0.001498810
1724.0,1.000000000,0.154828995,0.022112200,0.001507220
1725.0,1.000000000,0.155059993,0.022179101,0.001514630
1726.0,1.000000000,0.155228004,0.022244900,0.001521530
1727.0,1.000000000,0.155283004,0.022281701,0.001528890
1728.0,1.000000000,0.155555993,0.022352900,0.001536750
1729.0,1.000000000,0.155821994,0.022432700,0.001543610
1730.0,1.000000000,0.156178996,0.022515999,0.001551060
1731.0,1.000000000,0.156281993,0.022558801,0.001558830
1732.0,1.000000000,0.156421006,0.022615300,0.001565610
1733.0,1.000000000,0.156748995,0.022693800,0.001572940
1734.0,1.000000000,0.156924993,0.022756400,0.001580060
1735.0,1.000000000,0.157251000,0.022822101,0.001587570
1736.0,1.000000000,0.157261997,0.022851100,0.001594450
1737.0,1.000000000,0.157394007,0.022922499,0.001602100
1738.0,1.000000000,0.157619998,0.022977401,0.001608000
1739.0,1.000000000,0.157789007,0.023037000,0.001615000
1740.0,1.000000000,0.158065006,0.023113901,0.001622470
1741.0,1.000000000,0.158214003,0.023165600,0.001628670
1742.0,1.000000000,0.158369005,0.023210401,0.001636200
1743.0,1.000000000,0.158527002,0.023265401,0.001642870
1744.0,1.000000000,0.158741996,0.023324599,0.001649880
1745.0,1.000000000,0.158960998,0.023385400,0.001656020
1746.0,1.000000000,0.159199998,0.023456801,0.001662210
1747.0,1.000000000,0.159281000,0.023492500,0.001668770
1748.0,1.000000000,0.159517005,0.023555299,0.001676100
1749.0,1.000000000,0.159669995,0.023605900,0.001683590
1750.0,1.000000000,0.159945995,0.023672501,0.001689940
1751.0,1.000000000,0.160155997,0.023737499,0.001695840
1752.0,1.000000000,0.160188004,0.023774400,0.001703100
1753.0,1.000000000,0.160246998,0.023804801,0.001708850
1754.0,1.000000000,0.160495996,0.023872700,0.001714960
1755.0,1.000000000,0.160932004,0.023955500,0.001721190
1756.0,1.000000000,0.160942003,0.023985600,0.001726390
1757.0,1.000000000,0.161029994,0.024029400,0.001733180
1758.0,1.000000000,0.161139995,0.024067899,0.001740190
1759.0,1.000000000,0.161348000,0.024122600,0.001744830
1760.0,1.000000000,0.161502004,0.024186499,0.001751630
1761.0,1.000000000,0.161657006,0.024223300,0.001757790
1762.0,1.000000000,0.161879003,0.024283700,0.001763690
1763.0,1.000000000,0.162037000,0.024335900,0.001769750
1764.0,1.000000000,0.162099004,0.024373000,0.001773970
1765.0,1.000000000,0.162310004,0.024420600,0.001779670
1766.0,1.000000000,0.162330002,0.024450900,0.001784910
1767.0,1.000000000,0.162539005,0.024511300,0.001791930
1768.0,1.000000000,0.162724003,0.024561699,0.001797280
1769.0,1.000000000,0.162852004,0.024603600,0.001802340
1770.0,1.000000000,0.163041994,0.024647700,0.001808550
1771.0,1.000000000,0.163176998,0.024687000,0.001813740
1772.0,1.000000000,0.163179994,0.024720199,0.001818220
1773.0,1.000000000,0.163333997,0.024769301,0.001823770
1774.0,1.000000000,0.163488999,0.024806000,0.001829310
1775.0,1.000000000,0.163690999,0.024850700,0.001833930
1776.0,1.000000000,0.163817003,0.024894100,0.001838880
1777.0,1.000000000,0.163888007,0.024929499,0.001844210
1778.0,1.000000000,0.163937002,0.024948001,0.001848610
1779.0,1.000000000,0.164196000,0.025015499,0.001853640
1780.0,1.000000000,0.164183006,0.025042200,0.001857920
1781.0,1.000000000,0.164394006,0.025093099,0.001862170
1782.0,1.000000000,0.164460003,0.025120500,0.001866390
1783.0,1.000000000,0.164653003,0.025163701,0.001870090
1784.0,1.000000000,0.164516002,0.025170701,0.001873880
1785.0,1.000000000,0.164724007,0.025214700,0.001881010
1786.0,1.000000000,0.164884999,0.025256200,0.001883960
1787.0,1.000000000,0.165004998,0.025301799,0.001888020
1788.0,1.000000000,0.165085003,0.025321500,0.001892910
1789.0,1.000000000,0.165101007,0.025343100,0.001897770
1790.0,1.000000000,0.165321007,0.025395799,0.001900190
1791.0,1.000000000,0.165363997,0.025419800,0.001904280
1792.0,1.000000000,0.165439993,0.025440700,0.001908500
1793.0,1.000000000,0.165561005,0.025473500,0.001911810
1794.0,1.000000000,0.165668994,0.025519900,0.001915570
1795.0,1.000000000,0.165673003,0.025546400,0.001919760
1796.0,1.000000000,0.165616006,0.025537200,0.001923300
1797.0,1.000000000,0.165906996,0.025588799,0.001926740
1798.0,1.000000000,0.166070998,0.025631299,0.001929530
1799.0,1.000000000,0.165944993,0.025628200,0.001932920
1800.0,1.000000000,0.166032001,0.025659800,0.001936630
1801.0,1.000000000,0.166131005,0.025689600,0.001940780
1802.0,1.000000000,0.166250005,0.025726300,0.001942860
1803.0,1.000000000,0.166429996,0.025755500,0.001945230
1804.0,1.000000000,0.166592002,0.025763800,0.001877970
1805.0,1.000000000,0.166603997,0.025779800,0.001880170
1806.0,1.000000000,0.166641995,0.025798200,0.001882410
1807.0,1.000000000,0.166692004,0.025818801,0.001884750
1808.0,1.000000000,0.166774005,0.025844401,0.001887120
1809.0,1.000000000,0.166862994,0.025871299,0.001889250
1810.0,1.000000000,0.166936994,0.025901400,0.001891440
1811.0,1.000000000,0.166960999,0.025919201,0.001893140
1812.0,1.000000000,0.166982993,0.025933500,0.001894860
1813.0,1.000000000,0.167025998,0.025951300,0.001896550
1814.0,1.000000000,0.167060003,0.025968300,0.001898210
1815.0,1.000000000,0.167100996,0.025986800,0.001899900
1816.0,1.000000000,0.167150006,0.026006700,0.001901470
1817.0,1.000000000,0.167220995,0.026030401,0.001902930
1818.0,1.000000000,0.167293996,0.026054300,0.001904600
1819.0,1.000000000,0.167372003,0.026078699,0.001906430
1820.0,1.000000000,0.167449996,0.026101900,0.001908240
1821.0,1.000000000,0.167527005,0.026124099,0.001910090
1822.0,1.000000000,0.167596996,0.026145400,0.001911860
1823.0,1.000000000,0.167671993,0.026166299,0.001913620
1824.0,1.000000000,0.167716995,0.026181201,0.001915410
1825.0,1.000000000,0.167759001,0.026195601,0.001917040
1826.0,1.000000000,0.167792007,0.026208701,0.001918660
1827.0,1.000000000,0.167823002,0.026221801,0.001920020
1828.0,1.000000000,0.167843997,0.026233399,0.001921100
1829.0,1.000000000,0.167868003,0.026244801,0.001922530
1830.0,1.000000000,0.167890996,0.026257800,0.001923980
1831.0,1.000000000,0.167896003,0.026267501,0.001925580
1832.0,1.000000000,0.167913005,0.026279399,0.001927260
1833.0,1.000000000,0.167941004,0.026293600,0.001928970
1834.0,1.000000000,0.167955995,0.026306000,0.001930770
1835.0,1.000000000,0.167942002,0.026314000,0.001932730
1836.0,1.000000000,0.167912006,0.026319601,0.001934530
1837.0,1.000000000,0.167952001,0.026326399,0.001935700
1838.0,1.000000000,0.168035999,0.026346300,0.001936970
1839.0,1.000000000,0.168121994,0.026367500,0.001938250
1840.0,1.000000000,0.168191001,0.026384801,0.001939380
1841.0,1.000000000,0.168283001,0.026404900,0.001940530
1842.0,1.000000000,0.168321997,0.026416700,0.001941700
1843.0,1.000000000,0.168338001,0.026424900,0.001942630
1844.0,1.000000000,0.168320000,0.026427900,0.001943630
1845.0,1.000000000,0.168283001,0.026427900,0.001944410
1846.0,1.000000000,0.168283001,0.026428901,0.001944730
1847.0,1.000000000,0.168311998,0.026440799,0.001945650
1848.0,1.000000000,0.168322995,0.026450399,0.001946550
1849.0,1.000000000,0.168302998,0.026454600,0.001947170
1850.0,1.000000000,0.168314993,0.026462900,0.001947800
1851.0,1.000000000,0.168311998,0.026469100,0.001948370
1852.0,1.000000000,0.168267995,0.026469000,0.001948550
1853.0,1.000000000,0.168188006,0.026463300,0.001948700
1854.0,1.000000000,0.168105006,0.026455499,0.001948870
1855.0,1.000000000,0.168129995,0.026454300,0.001948240
1856.0,1.000000000,0.168174997,0.026466100,0.001948090
1857.0,1.000000000,0.168218002,0.026476000,0.001947970
1858.0,1.000000000,0.168247998,0.026483500,0.001948140
1859.0,1.000000000,0.168290004,0.026491800,0.001948320
1860.0,1.000000000,0.168298006,0.026495000,0.001948440
1861.0,1.000000000,0.168268993,0.026492501,0.001948670
1862.0,1.000000000,0.168224007,0.026487499,0.001948730
1863.0,1.000000000,0.168163002,0.026478101,0.001948440
1864.0,1.000000000,0.168147996,0.026474100,0.001948050
1865.0,1.000000000,0.168141007,0.026474399,0.001947970
1866.0,1.000000000,0.168118998,0.026472000,0.001947720
1867.0,1.000000000,0.168097004,0.026469000,0.001947150
1868.0,1.000000000,0.168084994,0.026467100,0.001946580
1869.0,1.000000000,0.168062001,0.026463499,0.001945920
1870.0,1.000000000,0.168034002,0.026459100,0.001945150
1871.0,1.000000000,0.168005005,0.026454400,0.001944350
1872.0,1.000000000,0.167970002,0.026449099,0.001943470
1873.0,1.000000000,0.167958006,0.026443999,0.001942240
1874.0,1.000000000,0.167943999,0.026440101,0.001940970
1875.0,1.000000000,0.167906001,0.026432401,0.001939880
1876.0,1.000000000,0.167873994,0.026424900,0.001938930
1877.0,1.000000000,0.167858005,0.026419399,0.001937970
1878.0,1.000000000,0.167842001,0.026413700,0.001937020
1879.0,1.000000000,0.167804003,0.026404601,0.001936110
1880.0,1.000000000,0.167762995,0.026395099,0.001935040
1881.0,1.000000000,0.167728007,0.026385600,0.001933800
1882.0,1.000000000,0.167691007,0.026375500,0.001932790
1883.0,1.000000000,0.167653993,0.026363300,0.001931780
1884.0,1.000000000,0.167613998,0.026350301,0.001930450
1885.0,1.000000000,0.167557999,0.026336100,0.001929050
1886.0,1.000000000,0.167477995,0.026318600,0.001927640
1887.0,1.000000000,0.167400002,0.026301600,0.001925870
1888.0,1.000000000,0.167329997,0.026285600,0.001924010
1889.0,1.000000000,0.167264000,0.026270300,0.001922310
1890.0,1.000000000,0.167219996,0.026255000,0.001920530
1891.0,1.000000000,0.167181000,0.026241699,0.001918510
1892.0,1.000000000,0.167153999,0.026231600,0.001916500
1893.0,1.000000000,0.167134002,0.026222499,0.001914670
1894.0,1.000000000,0.167117998,0.026211999,0.001912840
1895.0,1.000000000,0.167098999,0.026200499,0.001911010
1896.0,1.000000000,0.167071000,0.026187699,0.001909390
1897.0,1.000000000,0.167035997,0.026173800,0.001907650
1898.0,1.000000000,0.166985005,0.026157700,0.001905600
1899.0,1.000000000,0.166923001,0.026143000,0.001903520
1900.0,1.000000000,0.166859999,0.026129199,0.001901550
1901.0,1.000000000,0.166783005,0.026112700,0.001899510
1902.0,1.000000000,0.166706994,0.026096299,0.001897340
1903.0,1.000000000,0.166638002,0.026082600,0.001895170
1904.0,1.000000000,0.166567996,0.026068600,0.001892840
1905.0,1.000000000,0.166483000,0.026052300,0.001890260
1906.0,1.000000000,0.166396007,0.026035801,0.001887850
1907.0,1.000000000,0.166336998,0.026019800,0.001885480
1908.0,1.000000000,0.166324005,0.026008500,0.001883140
1909.0,1.000000000,0.166310996,0.025998600,0.001880800
1910.0,1.000000000,0.166281998,0.025985399,0.001878580
1911.0,1.000000000,0.166259006,0.025972400,0.001876400
1912.0,1.000000000,0.166194007,0.025952199,0.001874210
1913.0,1.000000000,0.166123003,0.025931099,0.001872310
1914.0,1.000000000,0.166031003,0.025906701,0.001870550
1915.0,1.000000000,0.165924996,0.025880000,0.001868410
1916.0,1.000000000,0.165794998,0.025852401,0.001866040
1917.0,1.000000000,0.165663004,0.025826501,0.001863880
1918.0,1.000000000,0.165528998,0.025800500,0.001861720
1919.0,1.000000000,0.165390000,0.025773499,0.001859410
1920.0,1.000000000,0.165260002,0.025747200,0.001857090
1921.0,1.000000000,0.165135995,0.025721800,0.001854730
1922.0,1.000000000,0.165006995,0.025695600,0.001852020
1923.0,1.000000000,0.164874002,0.025668699,0.001849290
1924.0,1.000000000,0.164746001,0.025641400,0.001846470
1925.0,1.000000000,0.164654002,0.025615601,0.001843470
1926.0,1.000000000,0.164568007,0.025591100,0.001840490
1927.0,1.000000000,0.164489999,0.025567301,0.001837440
1928.0,1.000000000,0.164423004,0.025544301,0.001834300
1929.0,1.000000000,0.164373994,0.025524000,0.001831150
1930.0,1.000000000,0.164322004,0.025503101,0.001828040
1931.0,1.000000000,0.164267004,0.025481600,0.001824960
1932.0,1.000000000,0.164211005,0.025460200,0.001821840
1933.0,1.000000000,0.164158002,0.025438599,0.001818690
1934.0,1.000000000,0.164094001,0.025417101,0.001815680
1935.0,1.000000000,0.164023995,0.025394499,0.001812670
1936.0,1.000000000,0.163941994,0.025370300,0.001809870
1937.0,1.000000000,0.163838997,0.025344800,0.001807100
1938.0,1.000000000,0.163729995,0.025318701,0.001804340
1939.0,1.000000000,0.163626999,0.025293600,0.001801220
1940.0,1.000000000,0.163534999,0.025270199,0.001798120
1941.0,1.000000000,0.163451999,0.025248099,0.001795360
1942.0,1.000000000,0.163368002,0.025225099,0.001792890
1943.0,1.000000000,0.163282007,0.025198800,0.001790290
1944.0,1.000000000,0.163215995,0.025176400,0.001787640
1945.0,1.000000000,0.163155004,0.025154900,0.001784880
1946.0,1.000000000,0.163084999,0.025131000,0.001782120
1947.0,1.000000000,0.163022995,0.025108300,0.001779520
1948.0,1.000000000,0.162975997,0.025087900,0.001777240
1949.0,1.000000000,0.162937999,0.025068700,0.001774630
1950.0,1.000000000,0.162887007,0.025049999,0.001771820
1951.0,1.000000000,0.162774995,0.025024001,0.001768500
1952.0,1.000000000,0.162656993,0.024992900,0.001765120
1953.0,1.000000000,0.162551999,0.024964901,0.001761750
1954.0,1.000000000,0.162423998,0.024933200,0.001758380
1955.0,1.000000000,0.162310004,0.024901800,0.001755010
1956.0,1.000000000,0.162209004,0.024872201,0.001751470
1957.0,1.000000000,0.162139997,0.024847699,0.001747950
1958.0,1.000000000,0.162092999,0.024826700,0.001744750
1959.0,1.000000000,0.161978006,0.024800301,0.001741980
1960.0,1.000000000,0.161838993,0.024764000,0.001738880
1961.0,1.000000000,0.161712006,0.024731001,0.001735740
1962.0,1.000000000,0.161592007,0.024699600,0.001732560
1963.0,1.000000000,0.161475003,0.024670601,0.001729350
1964.0,1.000000000,0.161382005,0.024645301,0.001726090
1965.0,1.000000000,0.161321998,0.024624800,0.001722740
1966.0,1.000000000,0.161277995,0.024606600,0.001719600
1967.0,1.000000000,0.161208004,0.024588799,0.001716710
1968.0,1.000000000,0.161072999,0.024562599,0.001713620
1969.0,1.000000000,0.160942003,0.024534101,0.001710470
1970.0,1.000000000,0.160828993,0.024507999,0.001707340
1971.0,1.000000000,0.160696998,0.024480499,0.001704210
1972.0,1.000000000,0.160595000,0.024457401,0.001701060
1973.0,1.000000000,0.160503998,0.024435701,0.001698260
1974.0,1.000000000,0.160438001,0.024418000,0.001695580
1975.0,1.000000000,0.160373002,0.024400501,0.001692640
1976.0,1.000000000,0.160276994,0.024379101,0.001689860
1977.0,1.000000000,0.160163000,0.024350600,0.001686690
1978.0,1.000000000,0.160061002,0.024325700,0.001683530
1979.0,1.000000000,0.159960002,0.024300801,0.001680400
1980.0,1.000000000,0.159851000,0.024270700,0.001677240
1981.0,1.000000000,0.159743994,0.024240900,0.001673990
1982.0,1.000000000,0.159654006,0.024213299,0.001670690
1983.0,1.000000000,0.159573004,0.024186900,0.001667460
1984.0,1.000000000,0.159503996,0.024162700,0.001664410
1985.0,1.000000000,0.159431994,0.024142001,0.001661760
1986.0,1.000000000,0.159355000,0.024118900,0.001659070
1987.0,1.000000000,0.159277007,0.024096200,0.001656340
1988.0,1.000000000,0.159185007,0.024074700,0.001653580
1989.0,1.000000000,0.159084007,0.024053199,0.001650780
1990.0,1.000000000,0.158980995,0.024031101,0.001648220
1991.0,1.000000000,0.158875003,0.024008499,0.001645670
1992.0,1.000000000,0.158773005,0.023986701,0.001643300
1993.0,1.000000000,0.158657998,0.023963099,0.001640770
1994.0,1.000000000,0.158539996,0.023936400,0.001638160
1995.0,1.000000000,0.158423007,0.023909500,0.001635570
1996.0,1.000000000,0.158306003,0.023882100,0.001632990
1997.0,1.000000000,0.158185005,0.023853600,0.001630380
1998.0,1.000000000,0.158062994,0.023824699,0.001627350
1999.0,1.000000000,0.157946005,0.023796400,0.001624050
2000.0,1.000000000,0.157823995,0.023767000,0.001620410
2001.0,1.000000000,0.157700002,0.023735801,0.001616770
2002.0,1.000000000,0.157587007,0.023711501,0.001613220
2003.0,1.000000000,0.157479003,0.023690701,0.001609610
2004.0,1.000000000,0.157370999,0.023669001,0.001605880
2005.0,1.000000000,0.157300994,0.023653399,0.001602100
2006.0,1.000000000,0.157234997,0.023638399,0.001598520
2007.0,1.000000000,0.157152995,0.023620900,0.001595490
2008.0,1.000000000,0.157056004,0.023601200,0.001592830
2009.0,1.000000000,0.156960994,0.023581401,0.001590450
2010.0,1.000000000,0.156902000,0.023566199,0.001588100
2011.0,1.000000000,0.156834006,0.023549100,0.001585710
2012.0,1.000000000,0.156746000,0.023528600,0.001583490
2013.0,1.000000000,0.156661004,0.023509700,0.001581250
2014.0,1.000000000,0.156555995,0.023489300,0.001578980
2015.0,1.000000000,0.156436995,0.023466600,0.001576340
2016.0,1.000000000,0.156296000,0.023440501,0.001573490
2017.0,1.000000000,0.156167001,0.023414001,0.001570120
2018.0,1.000000000,0.156091005,0.023394100,0.001566940
2019.0,1.000000000,0.156027004,0.023379000,0.001563940
2020.0,1.000000000,0.155963004,0.023362700,0.001560890
2021.0,1.000000000,0.155918002,0.023346800,0.001557770
2022.0,1.000000000,0.155848995,0.023325400,0.001554610
2023.0,1.000000000,0.155775994,0.023303101,0.001551690
2024.0,1.000000000,0.155689999,0.023278600,0.001548820
2025.0,1.000000000,0.155582994,0.023250900,0.001546510
2026.0,1.000000000,0.155495003,0.023226500,0.001544030
2027.0,1.000000000,0.155416995,0.023210000,0.001541510
2028.0,1.000000000,0.155328006,0.023191901,0.001539010
2029.0,1.000000000,0.155232996,0.023172600,0.001536560
2030.0,1.000000000,0.155129001,0.023157300,0.001534060
2031.0,1.000000000,0.155017003,0.023140600,0.001531560
2032.0,1.000000000,0.154877007,0.023119800,0.001528980
2033.0,1.000000000,0.154718995,0.023096301,0.001526260
2034.0,1.000000000,0.154569998,0.023071600,0.001523430
2035.0,1.000000000,0.154452994,0.023048701,0.001520730
2036.0,1.000000000,0.154331997,0.023027500,0.001518010
2037.0,1.000000000,0.154204994,0.023005100,0.001515150
2038.0,1.000000000,0.154102996,0.022982400,0.001512250
2039.0,1.000000000,0.153987005,0.022957800,0.001509370
2040.0,1.000000000,0.153859004,0.022931499,0.001506630
2041.0,1.000000000,0.153716996,0.022902900,0.001503840
2042.0,1.000000000,0.153577998,0.022873800,0.001500940
2043.0,1.000000000,0.153494999,0.022854200,0.001498600
2044.0,1.000000000,0.153413996,0.022841400,0.001496300
2045.0,1.000000000,0.153319001,0.022825601,0.001494020
2046.0,1.000000000,0.153248996,0.022814199,0.001491700
2047.0,1.000000000,0.153180003,0.022805000,0.001489350
2048.0,1.000000000,0.153092995,0.022793200,0.001487000
2049.0,1.000000000,0.152971998,0.022776200,0.001484660
2050.0,1.000000000,0.152861997,0.022757800,0.001482540
2051.0,1.000000000,0.152818993,0.022746800,0.001480180
2052.0,1.000000000,0.152795002,0.022740001,0.001477850
2053.0,1.000000000,0.152759999,0.022729000,0.001475590
2054.0,1.000000000,0.152760997,0.022722300,0.001473330
2055.0,1.000000000,0.152715996,0.022711501,0.001471040
2056.0,1.000000000,0.152663007,0.022699799,0.001469110
2057.0,1.000000000,0.152581006,0.022683401,0.001467060
2058.0,1.000000000,0.152468994,0.022662500,0.001464510
2059.0,1.000000000,0.152385995,0.022644199,0.001462090
2060.0,1.000000000,0.152322993,0.022630099,0.001459990
2061.0,1.000000000,0.152207002,0.022609100,0.001458120
2062.0,1.000000000,0.152092993,0.022587299,0.001456400
2063.0,1.000000000,0.151978999,0.022563700,0.001454650
2064.0,1.000000000,0.151865005,0.022539800,0.001452920
2065.0,1.000000000,0.151723996,0.022512000,0.001451100
2066.0,1.000000000,0.151581004,0.022483900,0.001449940
2067.0,1.000000000,0.151476994,0.022460300,0.001448660
2068.0,1.000000000,0.151394993,0.022447400,0.001447410
2069.0,1.000000000,0.151329994,0.022436900,0.001445950
2070.0,1.000000000,0.151272997,0.022427101,0.001444170
2071.0,1.000000000,0.151215002,0.022419199,0.001442370
2072.0,1.000000000,0.151149005,0.022410300,0.001440530
2073.0,1.000000000,0.151051000,0.022396600,0.001438680
2074.0,1.000000000,0.150941998,0.022381200,0.001436870
2075.0,1.000000000,0.150867999,0.022368399,0.001434960
2076.0,1.000000000,0.150805995,0.022358200,0.001433120
2077.0,1.000000000,0.150738001,0.022348300,0.001431400
2078.0,1.000000000,0.150666997,0.022337900,0.001429990
2079.0,1.000000000,0.150584996,0.022327101,0.001428570
2080.0,1.000000000,0.150493994,0.022315100,0.001427330
2081.0,1.000000000,0.150404006,0.022303300,0.001426260
2082.0,1.000000000,0.150309995,0.022290900,0.001424830
2083.0,1.000000000,0.150205001,0.022277599,0.001423360
2084.0,1.000000000,0.150107995,0.022263100,0.001422190
2085.0,1.000000000,0.150012001,0.022248700,0.001420950
2086.0,1.000000000,0.149917006,0.022233499,0.001419510
2087.0,1.000000000,0.149853006,0.022220099,0.001418050
2088.0,1.000000000,0.149794996,0.022207599,0.001416230
2089.0,1.000000000,0.149737000,0.022195101,0.001413820
2090.0,1.000000000,0.149669006,0.022181200,0.001411710
2091.0,1.000000000,0.149616003,0.022168700,0.001409710
2092.0,1.000000000,0.149572998,0.022162501,0.001407360
2093.0,1.000000000,0.149532005,0.022159301,0.001404970
2094.0,1.000000000,0.149488002,0.022155600,0.001402400
2095.0,1.000000000,0.149431005,0.022154700,0.001399800
2096.0,1.000000000,0.149360001,0.022152500,0.001397570
2097.0,1.000000000,0.149295002,0.022151001,0.001396100
2098.0,1.000000000,0.149232998,0.022150200,0.001394940
2099.0,1.000000000,0.149159998,0.022150300,0.001394070
2100.0,1.000000000,0.149110004,0.022151200,0.001392940
2101.0,1.000000000,0.149053007,0.022149900,0.001391810
2102.0,1.000000000,0.148992002,0.022148401,0.001390790
2103.0,1.000000000,0.148935005,0.022146201,0.001389750
2104.0,1.000000000,0.148883000,0.022144699,0.001388450
2105.0,1.000000000,0.148807004,0.022139700,0.001386540
2106.0,1.000000000,0.148714006,0.022132300,0.001383970
2107.0,1.000000000,0.148638994,0.022122201,0.001380780
2108.0,1.000000000,0.148561001,0.022109799,0.001379010
2109.0,1.000000000,0.148488998,0.022100000,0.001377310
2110.0,1.000000000,0.148421004,0.022090500,0.001376120
2111.0,1.000000000,0.148350999,0.022078300,0.001374920
2112.0,1.000000000,0.148269996,0.022064500,0.001374120
2113.0,1.000000000,0.148199007,0.022051901,0.001374220
2114.0,1.000000000,0.148130998,0.022040000,0.001374670
2115.0,1.000000000,0.148053005,0.022029901,0.001375400
2116.0,1.000000000,0.147997007,0.022022801,0.001375290
2117.0,1.000000000,0.147937998,0.022015201,0.001375130
2118.0,1.000000000,0.147879004,0.022006599,0.001374760
2119.0,1.000000000,0.147848994,0.022004001,0.001374380
2120.0,1.000000000,0.147819996,0.022002099,0.001373590
2121.0,1.000000000,0.147768006,0.021996800,0.001371970
2122.0,1.000000000,0.147689998,0.021987600,0.001370730
2123.0,1.000000000,0.147640005,0.021981200,0.001369670
2124.0,1.000000000,0.147627994,0.021982800,0.001369480
2125.0,1.000000000,0.147596002,0.021984000,0.001369270
2126.0,1.000000000,0.147557005,0.021983299,0.001368870
2127.0,1.000000000,0.147494003,0.021985799,0.001368460
2128.0,1.000000000,0.147411004,0.021985499,0.001368340
2129.0,1.000000000,0.147286996,0.021979401,0.001368430
2130.0,1.000000000,0.147129998,0.021968400,0.001368110
2131.0,1.000000000,0.147036001,0.021965500,0.001367510
2132.0,1.000000000,0.147008002,0.021976400,0.001367220
2133.0,1.000000000,0.146975994,0.021991599,0.001367010
2134.0,1.000000000,0.146965995,0.022005601,0.001366900
2135.0,1.000000000,0.146955997,0.022015899,0.001366790
2136.0,1.000000000,0.146922007,0.022022599,0.001366820
2137.0,1.000000000,0.146841004,0.022022599,0.001366840
2138.0,1.000000000,0.146697998,0.022013299,0.001365910
2139.0,1.000000000,0.146570995,0.022001700,0.001364270
2140.0,1.000000000,0.146504998,0.021994600,0.001362370
2141.0,1.000000000,0.146383002,0.021978701,0.001360650
2142.0,1.000000000,0.146276996,0.021963101,0.001358970
2143.0,1.000000000,0.146175995,0.021951601,0.001357280
2144.0,1.000000000,0.146069005,0.021939300,0.001356340
2145.0,1.000000000,0.145888001,0.021915900,0.001355640
2146.0,1.000000000,0.145676002,0.021887800,0.001355820
2147.0,1.000000000,0.145614997,0.021877499,0.001356170
2148.0,1.000000000,0.145612001,0.021881500,0.001357350
2149.0,1.000000000,0.145575002,0.021880001,0.001358210
2150.0,1.000000000,0.145575002,0.021881200,0.001358720
2151.0,1.000000000,0.145493001,0.021871500,0.001359230
2152.0,1.000000000,0.145408005,0.021861199,0.001358680
2153.0,1.000000000,0.145243004,0.021839101,0.001357320
2154.0,1.000000000,0.145055994,0.021812400,0.001355820
2155.0,1.000000000,0.144935995,0.021791101,0.001354120
2156.0,1.000000000,0.144854993,0.021776700,0.001352620
2157.0,1.000000000,0.144746006,0.021755399,0.001351840
2158.0,1.000000000,0.144661993,0.021738200,0.001351260
2159.0,1.000000000,0.144541994,0.021720100,0.001350680
2160.0,1.000000000,0.144413993,0.021700600,0.001351650
2161.0,1.000000000,0.144234002,0.021673400,0.001352560
2162.0,1.000000000,0.144045994,0.021644499,0.001353240
2163.0,1.000000000,0.143898994,0.021619700,0.001353750
2164.0,1.000000000,0.143765002,0.021606900,0.001354270
2165.0,1.000000000,0.143616006,0.021592300,0.001354470
2166.0,1.000000000,0.143498003,0.021576799,0.001354600
2167.0,1.000000000,0.143381998,0.021560499,0.001354550
2168.0,1.000000000,0.143261001,0.021543400,0.001352590
2169.0,1.000000000,0.143126994,0.021524601,0.001350760
2170.0,1.000000000,0.143015996,0.021506701,0.001349010
2171.0,1.000000000,0.142940998,0.021490499,0.001347350
2172.0,1.000000000,0.142865002,0.021473801,0.001345700
2173.0,1.000000000,0.142786995,0.021456599,0.001344070
2174.0,1.000000000,0.142716005,0.021445600,0.001342430
2175.0,1.000000000,0.142635003,0.021434501,0.001341410
2176.0,1.000000000,0.142546996,0.021422300,0.001341930
2177.0,1.000000000,0.142455995,0.021409800,0.001342490
2178.0,1.000000000,0.142348006,0.021397000,0.001343220
2179.0,1.000000000,0.142205998,0.021382300,0.001343950
2180.0,1.000000000,0.142085999,0.021367500,0.001344430
2181.0,1.000000000,0.141948998,0.021352399,0.001344480
2182.0,1.000000000,0.141799003,0.021329500,0.001344530
2183.0,1.000000000,0.141660005,0.021308299,0.001343870
2184.0,1.000000000,0.141572997,0.021294700,0.001342640
2185.0,1.000000000,0.141514003,0.021285400,0.001341350
2186.0,1.000000000,0.141399994,0.021269700,0.001340260
2187.0,1.000000000,0.141249001,0.021246299,0.001338680
2188.0,1.000000000,0.141130000,0.021228600,0.001337590
2189.0,1.000000000,0.140988007,0.021209700,0.001336950
2190.0,1.000000000,0.140896007,0.021198001,0.001336310
2191.0,1.000000000,0.140805006,0.021186300,0.001336550
2192.0,1.000000000,0.140761003,0.021181799,0.001337420
2193.0,1.000000000,0.140732005,0.021180199,0.001338000
2194.0,1.000000000,0.140643001,0.021170300,0.001339220
2195.0,1.000000000,0.140517995,0.021149900,0.001340620
2196.0,1.000000000,0.140411004,0.021132801,0.001341940
2197.0,1.000000000,0.140274003,0.021113699,0.001343330
2198.0,1.000000000,0.140157998,0.021096300,0.001344680
2199.0,1.000000000,0.140057996,0.021081099,0.001344370
2200.0,1.000000000,0.140022993,0.021075699,0.001344670
2201.0,1.000000000,0.139974996,0.021071199,0.001346010
2202.0,1.000000000,0.139862999,0.021063900,0.001346530
2203.0,1.000000000,0.139743000,0.021058301,0.001346940
2204.0,1.000000000,0.139632002,0.021056300,0.001347010
2205.0,1.000000000,0.139525995,0.021055801,0.001347120
2206.0,1.000000000,0.139450997,0.021059200,0.001347390
2207.0,1.000000000,0.139401004,0.021066699,0.001348350
2208.0,1.000000000,0.139388993,0.021079900,0.001348770
2209.0,1.000000000,0.139356002,0.021088300,0.001348750
2210.0,1.000000000,0.139290005,0.021088600,0.001348510
2211.0,1.000000000,0.139232993,0.021086400,0.001348110
2212.0,1.000000000,0.139160007,0.021083999,0.001347540
2213.0,1.000000000,0.139082000,0.021079900,0.001346960
2214.0,1.000000000,0.139005005,0.021076201,0.001346600
2215.0,1.000000000,0.138953999,0.021076400,0.001346430
2216.0,1.000000000,0.138916999,0.021078900,0.001347070
2217.0,1.000000000,0.138861001,0.021082900,0.001347930
2218.0,1.000000000,0.138796002,0.021086000,0.001348770
2219.0,1.000000000,0.138758004,0.021091601,0.001350320
2220.0,1.000000000,0.138722003,0.021097301,0.001352220
2221.0,1.000000000,0.138684005,0.021102700,0.001354140
2222.0,1.000000000,0.138648003,0.021108400,0.001356470
2223.0,1.000000000,0.138620004,0.021115400,0.001358840
2224.0,1.000000000,0.138593003,0.021124501,0.001361170
2225.0,1.000000000,0.138576001,0.021138901,0.001363470
2226.0,1.000000000,0.138561994,0.021161100,0.001365750
2227.0,1.000000000,0.138545007,0.021182600,0.001367310
2228.0,1.000000000,0.138530999,0.021205099,0.001368880
2229.0,1.000000000,0.138523996,0.021228500,0.001370180
2230.0,1.000000000,0.138505995,0.021250799,0.001370730
2231.0,1.000000000,0.138471007,0.021270700,0.001371460
2232.0,1.000000000,0.138448998,0.021286201,0.001372220
2233.0,1.000000000,0.138430998,0.021300400,0.001373240
2234.0,1.000000000,0.138428003,0.021318000,0.001374420
2235.0,1.000000000,0.138432994,0.021336000,0.001375750
2236.0,1.000000000,0.138444006,0.021353800,0.001377090
2237.0,1.000000000,0.138456002,0.021371899,0.001378760
2238.0,1.000000000,0.138485000,0.021392800,0.001380620
2239.0,1.000000000,0.138513997,0.021414300,0.001382590
2240.0,1.000000000,0.138541996,0.021440599,0.001384560
2241.0,1.000000000,0.138591006,0.021465201,0.001386430
2242.0,1.000000000,0.138624996,0.021487299,0.001389050
2243.0,1.000000000,0.138679996,0.021512700,0.001391880
2244.0,1.000000000,0.138733998,0.021540400,0.001394730
2245.0,1.000000000,0.138781995,0.021567199,0.001397220
2246.0,1.000000000,0.138807997,0.021591101,0.001399810
2247.0,1.000000000,0.138853997,0.021614600,0.001402440
2248.0,1.000000000,0.138916999,0.021638300,0.001406290
2249.0,1.000000000,0.138987005,0.021668600,0.001410010
2250.0,1.000000000,0.139055997,0.021699300,0.001413090
2251.0,1.000000000,0.139099002,0.021728501,0.001416210
2252.0,1.000000000,0.139134005,0.021756900,0.001419410
2253.0,1.000000000,0.139182001,0.021787399,0.001422750
2254.0,1.000000000,0.139235005,0.021819200,0.001425800
2255.0,1.000000000,0.139275998,0.021858200,0.001428780
2256.0,1.000000000,0.139302000,0.021896601,0.001431380
2257.0,1.000000000,0.139333993,0.021934699,0.001433910
2258.0,1.000000000,0.139376998,0.021972699,0.001436450
2259.0,1.000000000,0.139449000,0.022013299,0.001439030
2260.0,1.000000000,0.139521003,0.022054501,0.001442370
2261.0,1.000000000,0.139596999,0.022096699,0.001446030
2262.0,1.000000000,0.139669001,0.022136999,0.001449620
2263.0,1.000000000,0.139719993,0.022171000,0.001452840
2264.0,1.000000000,0.139757007,0.022198500,0.001456000
2265.0,1.000000000,0.139791995,0.022227200,0.001458870
2266.0,1.000000000,0.139805004,0.022256300,0.001461770
2267.0,1.000000000,0.139823005,0.022286201,0.001464600
2268.0,1.000000000,0.139853999,0.022318700,0.001467170
2269.0,1.000000000,0.139921993,0.022357401,0.001469560
2270.0,1.000000000,0.139987007,0.022396101,0.001472050
2271.0,1.000000000,0.140063003,0.022436200,0.001474500
2272.0,1.000000000,0.140159994,0.022481401,0.001477810
2273.0,1.000000000,0.140264004,0.022526599,0.001482150
2274.0,1.000000000,0.140384004,0.022570601,0.001486570
2275.0,1.000000000,0.140506998,0.022615399,0.001490530
2276.0,1.000000000,0.140615001,0.022658400,0.001494500
2277.0,1.000000000,0.140718997,0.022701399,0.001499400
2278.0,1.000000000,0.140808001,0.022745200,0.001503870
2279.0,1.000000000,0.140884995,0.022783400,0.001508240
2280.0,1.000000000,0.140954003,0.022819500,0.001511140
2281.0,1.000000000,0.141005993,0.022858500,0.001513950
2282.0,1.000000000,0.141078994,0.022901300,0.001516900
2283.0,1.000000000,0.141163006,0.022946600,0.001520270
2284.0,1.000000000,0.141280994,0.022997800,0.001523640
2285.0,1.000000000,0.141399994,0.023045201,0.001527210
2286.0,1.000000000,0.141506001,0.023091100,0.001532100
2287.0,1.000000000,0.141634002,0.023145899,0.001537010
2288.0,1.000000000,0.141786993,0.023203900,0.001541950
2289.0,1.000000000,0.141954005,0.023270400,0.001546990
2290.0,1.000000000,0.142122999,0.023337999,0.001551990
2291.0,1.000000000,0.142287999,0.023405600,0.001557100
2292.0,1.000000000,0.142451003,0.023474900,0.001561050
2293.0,1.000000000,0.142605007,0.023551600,0.001563840
2294.0,1.000000000,0.142731994,0.023624100,0.001565950
2295.0,1.000000000,0.142836004,0.023693100,0.001568660
2296.0,1.000000000,0.142888993,0.023752900,0.001571550
2297.0,1.000000000,0.142950997,0.023808399,0.001574570
2298.0,1.000000000,0.143020004,0.023866100,0.001578160
2299.0,1.000000000,0.143122002,0.023930101,0.001582460
2300.0,1.000000000,0.143193007,0.023986300,0.001587680
2301.0,1.000000000,0.143234000,0.024033999,0.001593190
2302.0,1.000000000,0.143304005,0.024081200,0.001598670
2303.0,1.000000000,0.143362001,0.024129899,0.001604030
2304.0,1.000000000,0.143445998,0.024180001,0.001609520
2305.0,1.000000000,0.143542007,0.024233200,0.001613050
2306.0,1.000000000,0.143689007,0.024295701,0.001615760
2307.0,1.000000000,0.143870994,0.024365300,0.001616590
2308.0,1.000000000,0.144017994,0.024435800,0.001616840
2309.0,1.000000000,0.144119993,0.024502899,0.001616610
2310.0,1.000000000,0.144251004,0.024575500,0.001615470
2311.0,1.000000000,0.144357994,0.024646999,0.001614290
2312.0,1.000000000,0.144489005,0.024721101,0.001613350
2313.0,1.000000000,0.144633994,0.024799000,0.001615030
2314.0,1.000000000,0.144840002,0.024889201,0.001618050
2315.0,1.000000000,0.145009995,0.024967000,0.001622770
2316.0,1.000000000,0.145101994,0.025032301,0.001626880
2317.0,1.000000000,0.145181000,0.025093401,0.001631080
2318.0,1.000000000,0.145239994,0.025157999,0.001635670
2319.0,1.000000000,0.145345002,0.025235901,0.001640410
2320.0,1.000000000,0.145469993,0.025319200,0.001641820
2321.0,1.000000000,0.145667002,0.025417600,0.001641740
2322.0,1.000000000,0.145912006,0.025527701,0.001637940
2323.0,1.000000000,0.146111995,0.025645301,0.001633080
2324.0,1.000000000,0.146282002,0.025760701,0.001627390
2325.0,1.000000000,0.146472007,0.025880700,0.001620820
2326.0,1.000000000,0.146602005,0.025989400,0.001613990
2327.0,1.000000000,0.146754995,0.026094800,0.001607420
2328.0,1.000000000,0.146920994,0.026206300,0.001604570
2329.0,1.000000000,0.147119999,0.026327601,0.001602750
2330.0,1.000000000,0.147287995,0.026443601,0.001602500
2331.0,1.000000000,0.147418007,0.026558600,0.001602740
2332.0,1.000000000,0.147551998,0.026678899,0.001603260
2333.0,1.000000000,0.147707000,0.026809201,0.001604120
2334.0,1.000000000,0.147874996,0.026965100,0.001605020
2335.0,1.000000000,0.148050994,0.027129499,0.001604830
2336.0,1.000000000,0.148199007,0.027296200,0.001603800
2337.0,1.000000000,0.148342997,0.027472300,0.001599700
2338.0,1.000000000,0.148577005,0.027678100,0.001596030
2339.0,1.000000000,0.148826003,0.027882300,0.001592700
2340.0,1.000000000,0.149067998,0.028088700,0.001590050
2341.0,1.000000000,0.149341002,0.028289801,0.001587140
2342.0,1.000000000,0.149541005,0.028483801,0.001583770
2343.0,1.000000000,0.149713993,0.028682901,0.001577930
2344.0,1.000000000,0.149706006,0.028858300,0.001571680
2345.0,1.000000000,0.149793997,0.029056599,0.001563970
2346.0,1.000000000,0.150116995,0.029288299,0.001551030
2347.0,1.000000000,0.150429994,0.029534500,0.001535430
2348.0,1.000000000,0.150905997,0.029806601,0.001515880
2349.0,1.000000000,0.151235998,0.030082401,0.001494940
2350.0,1.000000000,0.151575997,0.030375499,0.001477770
2351.0,1.000000000,0.151587993,0.030619800,0.001458880
2352.0,1.000000000,0.151536003,0.030871401,0.001435640
2353.0,1.000000000,0.151824996,0.031187100,0.001418740
2354.0,1.000000000,0.152262002,0.031557899,0.001404260
2355.0,1.000000000,0.152671993,0.031924400,0.001394760
2356.0,1.000000000,0.153243005,0.032318301,0.001384160
2357.0,1.000000000,0.153639004,0.032710299,0.001372840
2358.0,1.000000000,0.153880998,0.033093300,0.001358400
2359.0,1.000000000,0.153614998,0.033393599,0.001340410
2360.0,1.000000000,0.153716996,0.033763301,0.001318820
2361.0,1.000000000,0.154337004,0.034201201,0.001295200
2362.0,1.000000000,0.154864997,0.034613900,0.001272260
2363.0,1.000000000,0.155727997,0.035079699,0.001248600
2364.0,1.000000000,0.156163007,0.035503998,0.001223140
2365.0,1.000000000,0.156634003,0.035958901,0.001198190
2366.0,1.000000000,0.156437993,0.036288299,0.001168580
2367.0,1.000000000,0.156244993,0.036642101,0.001138880
2368.0,1.000000000,0.156691998,0.037093800,0.001114360
2369.0,1.000000000,0.157401994,0.037647799,0.001090080
2370.0,1.000000000,0.158134997,0.038203001,0.001063330
2371.0,1.000000000,0.158966005,0.038789600,0.001034550
2372.0,1.000000000,0.159612998,0.039367899,0.001009530
2373.0,1.000000000,0.160003006,0.039910499,0.000991060
2374.0,1.000000000,0.159886003,0.040355898,0.000976930
2375.0,1.000000000,0.160161003,0.040862601,0.000964970
2376.0,1.000000000,0.160835996,0.041421499,0.000956540
2377.0,1.000000000,0.161447003,0.041959800,0.000954350
2378.0,1.000000000,0.162311003,0.042521998,0.000954920
2379.0,1.000000000,0.162801996,0.043011099,0.000955520
2380.0,1.000000000,0.163320005,0.043524701,0.000960700
2381.0,1.000000000,0.163193002,0.043888699,0.000961010
2382.0,1.000000000,0.163130000,0.044291802,0.000949090
2383.0,1.000000000,0.163476005,0.044760399,0.000934830
2384.0,1.000000000,0.163873002,0.045222498,0.000918400
2385.0,1.000000000,0.164335996,0.045672599,0.000895740
2386.0,1.000000000,0.164794996,0.046183400,0.000872140
2387.0,1.000000000,0.165144995,0.046683699,0.000843930
2388.0,1.000000000,0.165318996,0.047149301,0.000809450
2389.0,1.000000000,0.165279999,0.047572799,0.000782410
2390.0,1.000000000,0.165585995,0.048085600,0.000763060
2391.0,1.000000000,0.166224003,0.048610602,0.000750530
2392.0,1.000000000,0.166785002,0.049081299,0.000738660
2393.0,1.000000000,0.167535007,0.049489900,0.000726590
2394.0,1.000000000,0.168200001,0.049811300,0.000714000
2395.0,1.000000000,0.168879002,0.050140198,0.000695700
2396.0,1.000000000,0.169275001,0.050393298,0.000676540
2397.0,1.000000000,0.169744000,0.050620198,0.000656560
2398.0,1.000000000,0.170313001,0.050839599,0.000634060
2399.0,1.000000000,0.170937002,0.051179498,0.000610770
2400.0,1.000000000,0.171574995,0.051528800,0.000586520
